Hora,Valor
0,1651
1,1474
2,1317
3,1246
4,1208
5,1212
6,1292
7,1553
8,1735
9,1905
10,1894
11,1937
12,1922
13,1941
14,1884
15,1800
16,1786
17,1804
18,1965
19,2101
20,2159
21,2192
22,2164
23,1971
24,1730
25,1470
26,1281
27,1200
28,1222
29,1209
30,1352
31,1536
32,1684
33,1858
34,1930
35,1943
36,1919
37,1912
38,1846
39,1818
40,1786
41,1775
42,1945
43,2104
44,2132
45,2200
46,2131
47,2006
48,1704
49,1489
50,1295
51,1242
52,1208
53,1200
54,1312
55,1561
56,1688
57,1877
58,1928
59,1933
60,1926
61,1915
62,1842
63,1815
64,1823
65,1845
66,1946
67,2069
68,2145
69,2200
70,2134
71,2018
72,1721
73,1474
74,1349
75,1219
76,1207
77,1237
78,1303
79,1554
80,1715
81,1823
82,1967
83,1991
84,1937
85,1898
86,1855
87,1816
88,1860
89,1884
90,1924
91,2060
92,2149
93,2200
94,2165
95,1983
96,1694
97,1457
98,1326
99,1212
100,1259
101,1200
102,1321
103,1535
104,1664
105,1786
106,1926
107,1951
108,1934
109,1922
110,1872
111,1806
112,1806
113,1811
114,1924
115,2106
116,2159
117,2175
118,2199
119,1998
120,1659
121,1434
122,1263
123,1205
124,1242
125,1246
126,1356
127,1507
128,1724
129,1818
130,1872
131,1910
132,1908
133,1918
134,1826
135,1802
136,1815
137,1828
138,1941
139,2095
140,2195
141,2200
142,2165
143,1979
144,1690
145,1445
146,1286
147,1310
148,1200
149,1200
150,1325
151,1549
152,1721
153,1800
154,1915
155,1970
156,1952
157,1885
158,1871
159,1838
160,1750
161,1787
162,1966
163,2123
164,2199
165,2189
166,2143
167,2012
168,1697
169,1446
170,1330
171,1211
172,1200
173,1227
174,1303
175,1558
176,1706
177,1836
178,1895
179,1918
180,1955
181,1951
182,1875
183,1828
184,1809
185,1793
186,1968
187,2075
188,2131
189,2200
190,2142
191,1985
192,1700
193,1454
194,1302
195,1200
196,1200
197,1264
198,1352
199,1521
200,1746
201,1829
202,1912
203,1974
204,1900
205,1900
206,1860
207,1806
208,1742
209,1795
210,1937
211,2093
212,2171
213,2176
214,2178
215,2011
216,1690
217,1404
218,1316
219,1200
220,1200
221,1200
222,1338
223,1499
224,1720
225,1848
226,1949
227,1937
228,1962
229,1900
230,1872
231,1830
232,1837
233,1846
234,1927
235,2076
236,2138
237,2182
238,2143
239,1992
240,1730
241,1461
242,1332
243,1219
244,1200
245,1224
246,1271
247,1544
248,1746
249,1816
250,1901
251,1938
252,1931
253,1932
254,1870
255,1815
256,1791
257,1783
258,1937
259,2137
260,2176
261,2166
262,2158
263,1999
264,1738
265,1443
266,1304
267,1260
268,1200
269,1232
270,1291
271,1565
272,1727
273,1796
274,1907
275,1964
276,1960
277,1875
278,1869
279,1809
280,1845
281,1830
282,1952
283,2038
284,2176
285,2200
286,2164
287,2012
288,1662
289,1481
290,1314
291,1235
292,1207
293,1208
294,1351
295,1476
296,1748
297,1825
298,1903
299,1962
300,1938
301,1876
302,1850
303,1837
304,1827
305,1764
306,1988
307,2098
308,2168
309,2200
310,2164
311,1990
312,1661
313,1413
314,1308
315,1243
316,1229
317,1229
318,1325
319,1589
320,1730
321,1868
322,1908
323,1924
324,1915
325,1852
326,1870
327,1853
328,1799
329,1760
330,1987
331,2099
332,2174
333,2189
334,2200
335,1993
336,1696
337,1468
338,1273
339,1244
340,1200
341,1210
342,1313
343,1525
344,1692
345,1839
346,1896
347,1940
348,1968
349,1951
350,1860
351,1822
352,1796
353,1811
354,1975
355,2098
356,2130
357,2186
358,2200
359,1981
360,1710
361,1460
362,1293
363,1242
364,1213
365,1216
366,1307
367,1555
368,1679
369,1842
370,1921
371,1911
372,1930
373,1893
374,1847
375,1829
376,1837
377,1803
378,1971
379,2091
380,2175
381,2184
382,2162
383,1962
384,1717
385,1461
386,1333
387,1221
388,1223
389,1221
390,1333
391,1522
392,1729
393,1817
394,1954
395,1923
396,1916
397,1876
398,1864
399,1814
400,1743
401,1869
402,1967
403,2086
404,2176
405,2200
406,2164
407,1990
408,1685
409,1446
410,1316
411,1210
412,1200
413,1237
414,1292
415,1521
416,1704
417,1862
418,1915
419,1977
420,1914
421,1907
422,1872
423,1823
424,1827
425,1789
426,1916
427,2081
428,2145
429,2192
430,2163
431,1967
432,1745
433,1482
434,1292
435,1210
436,1200
437,1246
438,1353
439,1553
440,1703
441,1858
442,1904
443,1931
444,1937
445,1897
446,1877
447,1812
448,1845
449,1830
450,1892
451,2044
452,2144
453,2200
454,2162
455,1953
456,1711
457,1488
458,1306
459,1200
460,1215
461,1244
462,1358
463,1546
464,1672
465,1831
466,1918
467,1944
468,1945
469,1934
470,1873
471,1806
472,1805
473,1781
474,1959
475,2087
476,2160
477,2200
478,2143
479,1997
480,1716
481,1464
482,1327
483,1223
484,1200
485,1200
486,1295
487,1498
488,1695
489,1905
490,1908
491,1953
492,1961
493,1917
494,1905
495,1786
496,1804
497,1790
498,1956
499,2101
500,2199
501,2192
502,2180
503,1995
504,1687
505,1508
506,1303
507,1225
508,1215
509,1204
510,1313
511,1540
512,1716
513,1810
514,1913
515,1926
516,1952
517,1881
518,1881
519,1781
520,1828
521,1807
522,1976
523,2093
524,2166
525,2190
526,2176
527,1972
528,1716
529,1464
530,1319
531,1241
532,1200
533,1239
534,1360
535,1538
536,1710
537,1807
538,1921
539,1950
540,1974
541,1903
542,1864
543,1808
544,1785
545,1806
546,1948
547,2088
548,2149
549,2199
550,2121
551,1988
552,1681
553,1519
554,1306
555,1226
556,1200
557,1228
558,1321
559,1514
560,1726
561,1871
562,1916
563,1944
564,1903
565,1875
566,1869
567,1837
568,1821
569,1815
570,1948
571,2135
572,2165
573,2200
574,2158
575,1959
576,1688
577,1421
578,1325
579,1218
580,1200
581,1200
582,1300
583,1511
584,1723
585,1803
586,1891
587,1938
588,1972
589,1890
590,1935
591,1814
592,1802
593,1807
594,1898
595,2087
596,2146
597,2200
598,2156
599,1966
600,1722
601,1506
602,1311
603,1229
604,1222
605,1200
606,1351
607,1552
608,1683
609,1850
610,1907
611,1974
612,1916
613,1876
614,1841
615,1785
616,1807
617,1785
618,1890
619,2086
620,2149
621,2200
622,2118
623,1990
624,1651
625,1455
626,1327
627,1245
628,1230
629,1215
630,1331
631,1538
632,1723
633,1838
634,1874
635,1947
636,1977
637,1943
638,1929
639,1792
640,1786
641,1786
642,1958
643,2100
644,2149
645,2200
646,2144
647,1969
648,1678
649,1459
650,1318
651,1235
652,1212
653,1229
654,1326
655,1539
656,1708
657,1834
658,1920
659,1918
660,1962
661,1930
662,1889
663,1818
664,1780
665,1789
666,1954
667,2054
668,2200
669,2200
670,2164
671,1908
672,1690
673,1458
674,1309
675,1227
676,1212
677,1200
678,1300
679,1539
680,1668
681,1868
682,1846
683,1903
684,1988
685,1914
686,1912
687,1866
688,1799
689,1803
690,1852
691,2047
692,2145
693,2190
694,2170
695,1947
696,1685
697,1450
698,1299
699,1251
700,1200
701,1202
702,1332
703,1514
704,1692
705,1823
706,1913
707,1902
708,1904
709,1910
710,1919
711,1788
712,1851
713,1757
714,1960
715,2082
716,2144
717,2200
718,2150
719,2011
720,1713
721,1467
722,1334
723,1248
724,1200
725,1207
726,1314
727,1536
728,1731
729,1794
730,1896
731,1934
732,1963
733,1929
734,1891
735,1819
736,1783
737,1847
738,1953
739,2077
740,2154
741,2200
742,2164
743,1963
744,1651
745,1474
746,1317
747,1246
748,1208
749,1212
750,1292
751,1553
752,1735
753,1905
754,1894
755,1937
756,1922
757,1941
758,1884
759,1800
760,1786
761,1804
762,1965
763,2101
764,2159
765,2192
766,2164
767,1971
768,1730
769,1470
770,1281
771,1200
772,1222
773,1209
774,1352
775,1536
776,1684
777,1858
778,1930
779,1943
780,1919
781,1912
782,1846
783,1818
784,1786
785,1775
786,1945
787,2104
788,2132
789,2200
790,2131
791,2006
792,1704
793,1489
794,1295
795,1242
796,1208
797,1200
798,1312
799,1561
800,1688
801,1877
802,1928
803,1933
804,1926
805,1915
806,1842
807,1815
808,1823
809,1845
810,1946
811,2069
812,2145
813,2200
814,2134
815,2018
816,1721
817,1474
818,1349
819,1219
820,1207
821,1237
822,1303
823,1554
824,1715
825,1823
826,1967
827,1991
828,1937
829,1898
830,1855
831,1816
832,1860
833,1884
834,1924
835,2060
836,2149
837,2200
838,2165
839,1983
840,1694
841,1457
842,1326
843,1212
844,1259
845,1200
846,1321
847,1535
848,1664
849,1786
850,1926
851,1951
852,1934
853,1922
854,1872
855,1806
856,1806
857,1811
858,1924
859,2106
860,2159
861,2175
862,2199
863,1998
864,1659
865,1434
866,1263
867,1205
868,1242
869,1246
870,1356
871,1507
872,1724
873,1818
874,1872
875,1910
876,1908
877,1918
878,1826
879,1802
880,1815
881,1828
882,1941
883,2095
884,2195
885,2200
886,2165
887,1979
888,1690
889,1445
890,1286
891,1310
892,1200
893,1200
894,1325
895,1549
896,1721
897,1800
898,1915
899,1970
900,1952
901,1885
902,1871
903,1838
904,1750
905,1787
906,1966
907,2123
908,2199
909,2189
910,2143
911,2012
912,1697
913,1446
914,1330
915,1211
916,1200
917,1227
918,1303
919,1558
920,1706
921,1836
922,1895
923,1918
924,1955
925,1951
926,1875
927,1828
928,1809
929,1793
930,1968
931,2075
932,2131
933,2200
934,2142
935,1985
936,1700
937,1454
938,1302
939,1200
940,1200
941,1264
942,1352
943,1521
944,1746
945,1829
946,1912
947,1974
948,1900
949,1900
950,1860
951,1806
952,1742
953,1795
954,1937
955,2093
956,2171
957,2176
958,2178
959,2011
960,1690
961,1404
962,1316
963,1200
964,1200
965,1200
966,1338
967,1499
968,1720
969,1848
970,1949
971,1937
972,1962
973,1900
974,1872
975,1830
976,1837
977,1846
978,1927
979,2076
980,2138
981,2182
982,2143
983,1992
984,1730
985,1461
986,1332
987,1219
988,1200
989,1224
990,1271
991,1544
992,1746
993,1816
994,1901
995,1938
996,1931
997,1932
998,1870
999,1815
1000,1791
1001,1783
1002,1937
1003,2137
1004,2176
1005,2166
1006,2158
1007,1999
1008,1738
1009,1443
1010,1304
1011,1260
1012,1200
1013,1232
1014,1291
1015,1565
1016,1727
1017,1796
1018,1907
1019,1964
1020,1960
1021,1875
1022,1869
1023,1809
1024,1845
1025,1830
1026,1952
1027,2038
1028,2176
1029,2200
1030,2164
1031,2012
1032,1662
1033,1481
1034,1314
1035,1235
1036,1207
1037,1208
1038,1351
1039,1476
1040,1748
1041,1825
1042,1903
1043,1962
1044,1938
1045,1876
1046,1850
1047,1837
1048,1827
1049,1764
1050,1988
1051,2098
1052,2168
1053,2200
1054,2164
1055,1990
1056,1661
1057,1413
1058,1308
1059,1243
1060,1229
1061,1229
1062,1325
1063,1589
1064,1730
1065,1868
1066,1908
1067,1924
1068,1915
1069,1852
1070,1870
1071,1853
1072,1799
1073,1760
1074,1987
1075,2099
1076,2174
1077,2189
1078,2200
1079,1993
1080,1696
1081,1468
1082,1273
1083,1244
1084,1200
1085,1210
1086,1313
1087,1525
1088,1692
1089,1839
1090,1896
1091,1940
1092,1968
1093,1951
1094,1860
1095,1822
1096,1796
1097,1811
1098,1975
1099,2098
1100,2130
1101,2186
1102,2200
1103,1981
1104,1710
1105,1460
1106,1293
1107,1242
1108,1213
1109,1216
1110,1307
1111,1555
1112,1679
1113,1842
1114,1921
1115,1911
1116,1930
1117,1893
1118,1847
1119,1829
1120,1837
1121,1803
1122,1971
1123,2091
1124,2175
1125,2184
1126,2162
1127,1962
1128,1717
1129,1461
1130,1333
1131,1221
1132,1223
1133,1221
1134,1333
1135,1522
1136,1729
1137,1817
1138,1954
1139,1923
1140,1916
1141,1876
1142,1864
1143,1814
1144,1743
1145,1869
1146,1967
1147,2086
1148,2176
1149,2200
1150,2164
1151,1990
1152,1685
1153,1446
1154,1316
1155,1210
1156,1200
1157,1237
1158,1292
1159,1521
1160,1704
1161,1862
1162,1915
1163,1977
1164,1914
1165,1907
1166,1872
1167,1823
1168,1827
1169,1789
1170,1916
1171,2081
1172,2145
1173,2192
1174,2163
1175,1967
1176,1745
1177,1482
1178,1292
1179,1210
1180,1200
1181,1246
1182,1353
1183,1553
1184,1703
1185,1858
1186,1904
1187,1931
1188,1937
1189,1897
1190,1877
1191,1812
1192,1845
1193,1830
1194,1892
1195,2044
1196,2144
1197,2200
1198,2162
1199,1953
1200,1711
1201,1488
1202,1306
1203,1200
1204,1215
1205,1244
1206,1358
1207,1546
1208,1672
1209,1831
1210,1918
1211,1944
1212,1945
1213,1934
1214,1873
1215,1806
1216,1805
1217,1781
1218,1959
1219,2087
1220,2160
1221,2200
1222,2143
1223,1997
1224,1716
1225,1464
1226,1327
1227,1223
1228,1200
1229,1200
1230,1295
1231,1498
1232,1695
1233,1905
1234,1908
1235,1953
1236,1961
1237,1917
1238,1905
1239,1786
1240,1804
1241,1790
1242,1956
1243,2101
1244,2199
1245,2192
1246,2180
1247,1995
1248,1687
1249,1508
1250,1303
1251,1225
1252,1215
1253,1204
1254,1313
1255,1540
1256,1716
1257,1810
1258,1913
1259,1926
1260,1952
1261,1881
1262,1881
1263,1781
1264,1828
1265,1807
1266,1976
1267,2093
1268,2166
1269,2190
1270,2176
1271,1972
1272,1716
1273,1464
1274,1319
1275,1241
1276,1200
1277,1239
1278,1360
1279,1538
1280,1710
1281,1807
1282,1921
1283,1950
1284,1974
1285,1903
1286,1864
1287,1808
1288,1785
1289,1806
1290,1948
1291,2088
1292,2149
1293,2199
1294,2121
1295,1988
1296,1681
1297,1519
1298,1306
1299,1226
1300,1200
1301,1228
1302,1321
1303,1514
1304,1726
1305,1871
1306,1916
1307,1944
1308,1903
1309,1875
1310,1869
1311,1837
1312,1821
1313,1815
1314,1948
1315,2135
1316,2165
1317,2200
1318,2158
1319,1959
1320,1688
1321,1421
1322,1325
1323,1218
1324,1200
1325,1200
1326,1300
1327,1511
1328,1723
1329,1803
1330,1891
1331,1938
1332,1972
1333,1890
1334,1935
1335,1814
1336,1802
1337,1807
1338,1898
1339,2087
1340,2146
1341,2200
1342,2156
1343,1966
1344,1722
1345,1506
1346,1311
1347,1229
1348,1222
1349,1200
1350,1351
1351,1552
1352,1683
1353,1850
1354,1907
1355,1974
1356,1916
1357,1876
1358,1841
1359,1785
1360,1807
1361,1785
1362,1890
1363,2086
1364,2149
1365,2200
1366,2118
1367,1990
1368,1651
1369,1455
1370,1327
1371,1245
1372,1230
1373,1215
1374,1331
1375,1538
1376,1723
1377,1838
1378,1874
1379,1947
1380,1977
1381,1943
1382,1929
1383,1792
1384,1786
1385,1786
1386,1958
1387,2100
1388,2149
1389,2200
1390,2144
1391,1969
1392,1678
1393,1459
1394,1318
1395,1235
1396,1212
1397,1229
1398,1326
1399,1539
1400,1708
1401,1834
1402,1920
1403,1918
1404,1962
1405,1930
1406,1889
1407,1818
1408,1780
1409,1789
1410,1954
1411,2054
1412,2200
1413,2200
1414,2164
1415,1908
1416,1690
1417,1458
1418,1309
1419,1227
1420,1212
1421,1200
1422,1300
1423,1539
1424,1668
1425,1868
1426,1846
1427,1903
1428,1988
1429,1914
1430,1912
1431,1866
1432,1799
1433,1803
1434,1852
1435,2047
1436,2145
1437,2190
1438,2170
1439,1947
1440,1685
1441,1450
1442,1299
1443,1251
1444,1200
1445,1202
1446,1332
1447,1514
1448,1692
1449,1823
1450,1913
1451,1902
1452,1904
1453,1910
1454,1919
1455,1788
1456,1851
1457,1757
1458,1960
1459,2082
1460,2144
1461,2200
1462,2150
1463,2011
1464,1713
1465,1467
1466,1334
1467,1248
1468,1200
1469,1207
1470,1314
1471,1536
1472,1731
1473,1794
1474,1896
1475,1934
1476,1963
1477,1929
1478,1891
1479,1819
1480,1783
1481,1847
1482,1953
1483,2077
1484,2154
1485,2200
1486,2164
1487,1963
1488,1651
1489,1474
1490,1317
1491,1246
1492,1208
1493,1212
1494,1292
1495,1553
1496,1735
1497,1905
1498,1894
1499,1937
1500,1922
1501,1941
1502,1884
1503,1800
1504,1786
1505,1804
1506,1965
1507,2101
1508,2159
1509,2192
1510,2164
1511,1971
1512,1730
1513,1470
1514,1281
1515,1200
1516,1222
1517,1209
1518,1352
1519,1536
1520,1684
1521,1858
1522,1930
1523,1943
1524,1919
1525,1912
1526,1846
1527,1818
1528,1786
1529,1775
1530,1945
1531,2104
1532,2132
1533,2200
1534,2131
1535,2006
1536,1704
1537,1489
1538,1295
1539,1242
1540,1208
1541,1200
1542,1312
1543,1561
1544,1688
1545,1877
1546,1928
1547,1933
1548,1926
1549,1915
1550,1842
1551,1815
1552,1823
1553,1845
1554,1946
1555,2069
1556,2145
1557,2200
1558,2134
1559,2018
1560,1721
1561,1474
1562,1349
1563,1219
1564,1207
1565,1237
1566,1303
1567,1554
1568,1715
1569,1823
1570,1967
1571,1991
1572,1937
1573,1898
1574,1855
1575,1816
1576,1860
1577,1884
1578,1924
1579,2060
1580,2149
1581,2200
1582,2165
1583,1983
1584,1694
1585,1457
1586,1326
1587,1212
1588,1259
1589,1200
1590,1321
1591,1535
1592,1664
1593,1786
1594,1926
1595,1951
1596,1934
1597,1922
1598,1872
1599,1806
1600,1806
1601,1811
1602,1924
1603,2106
1604,2159
1605,2175
1606,2199
1607,1998
1608,1659
1609,1434
1610,1263
1611,1205
1612,1242
1613,1246
1614,1356
1615,1507
1616,1724
1617,1818
1618,1872
1619,1910
1620,1908
1621,1918
1622,1826
1623,1802
1624,1815
1625,1828
1626,1941
1627,2095
1628,2195
1629,2200
1630,2165
1631,1979
1632,1690
1633,1445
1634,1286
1635,1310
1636,1200
1637,1200
1638,1325
1639,1549
1640,1721
1641,1800
1642,1915
1643,1970
1644,1952
1645,1885
1646,1871
1647,1838
1648,1750
1649,1787
1650,1966
1651,2123
1652,2199
1653,2189
1654,2143
1655,2012
1656,1697
1657,1446
1658,1330
1659,1211
1660,1200
1661,1227
1662,1303
1663,1558
1664,1706
1665,1836
1666,1895
1667,1918
1668,1955
1669,1951
1670,1875
1671,1828
1672,1809
1673,1793
1674,1968
1675,2075
1676,2131
1677,2200
1678,2142
1679,1985
1680,1700
1681,1454
1682,1302
1683,1200
1684,1200
1685,1264
1686,1352
1687,1521
1688,1746
1689,1829
1690,1912
1691,1974
1692,1900
1693,1900
1694,1860
1695,1806
1696,1742
1697,1795
1698,1937
1699,2093
1700,2171
1701,2176
1702,2178
1703,2011
1704,1690
1705,1404
1706,1316
1707,1200
1708,1200
1709,1200
1710,1338
1711,1499
1712,1720
1713,1848
1714,1949
1715,1937
1716,1962
1717,1900
1718,1872
1719,1830
1720,1837
1721,1846
1722,1927
1723,2076
1724,2138
1725,2182
1726,2143
1727,1992
1728,1730
1729,1461
1730,1332
1731,1219
1732,1200
1733,1224
1734,1271
1735,1544
1736,1746
1737,1816
1738,1901
1739,1938
1740,1931
1741,1932
1742,1870
1743,1815
1744,1791
1745,1783
1746,1937
1747,2137
1748,2176
1749,2166
1750,2158
1751,1999
1752,1738
1753,1443
1754,1304
1755,1260
1756,1200
1757,1232
1758,1291
1759,1565
1760,1727
1761,1796
1762,1907
1763,1964
1764,1960
1765,1875
1766,1869
1767,1809
1768,1845
1769,1830
1770,1952
1771,2038
1772,2176
1773,2200
1774,2164
1775,2012
1776,1662
1777,1481
1778,1314
1779,1235
1780,1207
1781,1208
1782,1351
1783,1476
1784,1748
1785,1825
1786,1903
1787,1962
1788,1938
1789,1876
1790,1850
1791,1837
1792,1827
1793,1764
1794,1988
1795,2098
1796,2168
1797,2200
1798,2164
1799,1990
1800,1661
1801,1413
1802,1308
1803,1243
1804,1229
1805,1229
1806,1325
1807,1589
1808,1730
1809,1868
1810,1908
1811,1924
1812,1915
1813,1852
1814,1870
1815,1853
1816,1799
1817,1760
1818,1987
1819,2099
1820,2174
1821,2189
1822,2200
1823,1993
1824,1696
1825,1468
1826,1273
1827,1244
1828,1200
1829,1210
1830,1313
1831,1525
1832,1692
1833,1839
1834,1896
1835,1940
1836,1968
1837,1951
1838,1860
1839,1822
1840,1796
1841,1811
1842,1975
1843,2098
1844,2130
1845,2186
1846,2200
1847,1981
1848,1710
1849,1460
1850,1293
1851,1242
1852,1213
1853,1216
1854,1307
1855,1555
1856,1679
1857,1842
1858,1921
1859,1911
1860,1930
1861,1893
1862,1847
1863,1829
1864,1837
1865,1803
1866,1971
1867,2091
1868,2175
1869,2184
1870,2162
1871,1962
1872,1717
1873,1461
1874,1333
1875,1221
1876,1223
1877,1221
1878,1333
1879,1522
1880,1729
1881,1817
1882,1954
1883,1923
1884,1916
1885,1876
1886,1864
1887,1814
1888,1743
1889,1869
1890,1967
1891,2086
1892,2176
1893,2200
1894,2164
1895,1990
1896,1685
1897,1446
1898,1316
1899,1210
1900,1200
1901,1237
1902,1292
1903,1521
1904,1704
1905,1862
1906,1915
1907,1977
1908,1914
1909,1907
1910,1872
1911,1823
1912,1827
1913,1789
1914,1916
1915,2081
1916,2145
1917,2192
1918,2163
1919,1967
1920,1745
1921,1482
1922,1292
1923,1210
1924,1200
1925,1246
1926,1353
1927,1553
1928,1703
1929,1858
1930,1904
1931,1931
1932,1937
1933,1897
1934,1877
1935,1812
1936,1845
1937,1830
1938,1892
1939,2044
1940,2144
1941,2200
1942,2162
1943,1953
1944,1711
1945,1488
1946,1306
1947,1200
1948,1215
1949,1244
1950,1358
1951,1546
1952,1672
1953,1831
1954,1918
1955,1944
1956,1945
1957,1934
1958,1873
1959,1806
1960,1805
1961,1781
1962,1959
1963,2087
1964,2160
1965,2200
1966,2143
1967,1997
1968,1716
1969,1464
1970,1327
1971,1223
1972,1200
1973,1200
1974,1295
1975,1498
1976,1695
1977,1905
1978,1908
1979,1953
1980,1961
1981,1917
1982,1905
1983,1786
1984,1804
1985,1790
1986,1956
1987,2101
1988,2199
1989,2192
1990,2180
1991,1995
1992,1687
1993,1508
1994,1303
1995,1225
1996,1215
1997,1204
1998,1313
1999,1540
2000,1716
2001,1810
2002,1913
2003,1926
2004,1952
2005,1881
2006,1881
2007,1781
2008,1828
2009,1807
2010,1976
2011,2093
2012,2166
2013,2190
2014,2176
2015,1972
2016,1716
2017,1464
2018,1319
2019,1241
2020,1200
2021,1239
2022,1360
2023,1538
2024,1710
2025,1807
2026,1921
2027,1950
2028,1974
2029,1903
2030,1864
2031,1808
2032,1785
2033,1806
2034,1948
2035,2088
2036,2149
2037,2199
2038,2121
2039,1988
2040,1681
2041,1519
2042,1306
2043,1226
2044,1200
2045,1228
2046,1321
2047,1514
2048,1726
2049,1871
2050,1916
2051,1944
2052,1903
2053,1875
2054,1869
2055,1837
2056,1821
2057,1815
2058,1948
2059,2135
2060,2165
2061,2200
2062,2158
2063,1959
2064,1688
2065,1421
2066,1325
2067,1218
2068,1200
2069,1200
2070,1300
2071,1511
2072,1723
2073,1803
2074,1891
2075,1938
2076,1972
2077,1890
2078,1935
2079,1814
2080,1802
2081,1807
2082,1898
2083,2087
2084,2146
2085,2200
2086,2156
2087,1966
2088,1722
2089,1506
2090,1311
2091,1229
2092,1222
2093,1200
2094,1351
2095,1552
2096,1683
2097,1850
2098,1907
2099,1974
2100,1916
2101,1876
2102,1841
2103,1785
2104,1807
2105,1785
2106,1890
2107,2086
2108,2149
2109,2200
2110,2118
2111,1990
2112,1651
2113,1455
2114,1327
2115,1245
2116,1230
2117,1215
2118,1331
2119,1538
2120,1723
2121,1838
2122,1874
2123,1947
2124,1977
2125,1943
2126,1929
2127,1792
2128,1786
2129,1786
2130,1958
2131,2100
2132,2149
2133,2200
2134,2144
2135,1969
2136,1678
2137,1459
2138,1318
2139,1235
2140,1212
2141,1229
2142,1326
2143,1539
2144,1708
2145,1834
2146,1920
2147,1918
2148,1962
2149,1930
2150,1889
2151,1818
2152,1780
2153,1789
2154,1954
2155,2054
2156,2200
2157,2200
2158,2164
2159,1908
2160,1690
2161,1458
2162,1309
2163,1227
2164,1212
2165,1200
2166,1300
2167,1539
2168,1668
2169,1868
2170,1846
2171,1903
2172,1988
2173,1914
2174,1912
2175,1866
2176,1799
2177,1803
2178,1852
2179,2047
2180,2145
2181,2190
2182,2170
2183,1947
2184,1685
2185,1450
2186,1299
2187,1251
2188,1200
2189,1202
2190,1332
2191,1514
2192,1692
2193,1823
2194,1913
2195,1902
2196,1904
2197,1910
2198,1919
2199,1788
2200,1851
2201,1757
2202,1960
2203,2082
2204,2144
2205,2200
2206,2150
2207,2011
2208,1713
2209,1467
2210,1334
2211,1248
2212,1200
2213,1207
2214,1314
2215,1536
2216,1731
2217,1794
2218,1896
2219,1934
2220,1963
2221,1929
2222,1891
2223,1819
2224,1783
2225,1847
2226,1953
2227,2077
2228,2154
2229,2200
2230,2164
2231,1963
2232,1651
2233,1474
2234,1317
2235,1246
2236,1208
2237,1212
2238,1292
2239,1553
2240,1735
2241,1905
2242,1894
2243,1937
2244,1922
2245,1941
2246,1884
2247,1800
2248,1786
2249,1804
2250,1965
2251,2101
2252,2159
2253,2192
2254,2164
2255,1971
2256,1730
2257,1470
2258,1281
2259,1200
2260,1222
2261,1209
2262,1352
2263,1536
2264,1684
2265,1858
2266,1930
2267,1943
2268,1919
2269,1912
2270,1846
2271,1818
2272,1786
2273,1775
2274,1945
2275,2104
2276,2132
2277,2200
2278,2131
2279,2006
2280,1704
2281,1489
2282,1295
2283,1242
2284,1208
2285,1200
2286,1312
2287,1561
2288,1688
2289,1877
2290,1928
2291,1933
2292,1926
2293,1915
2294,1842
2295,1815
2296,1823
2297,1845
2298,1946
2299,2069
2300,2145
2301,2200
2302,2134
2303,2018
2304,1721
2305,1474
2306,1349
2307,1219
2308,1207
2309,1237
2310,1303
2311,1554
2312,1715
2313,1823
2314,1967
2315,1991
2316,1937
2317,1898
2318,1855
2319,1816
2320,1860
2321,1884
2322,1924
2323,2060
2324,2149
2325,2200
2326,2165
2327,1983
2328,1694
2329,1457
2330,1326
2331,1212
2332,1259
2333,1200
2334,1321
2335,1535
2336,1664
2337,1786
2338,1926
2339,1951
2340,1934
2341,1922
2342,1872
2343,1806
2344,1806
2345,1811
2346,1924
2347,2106
2348,2159
2349,2175
2350,2199
2351,1998
2352,1659
2353,1434
2354,1263
2355,1205
2356,1242
2357,1246
2358,1356
2359,1507
2360,1724
2361,1818
2362,1872
2363,1910
2364,1908
2365,1918
2366,1826
2367,1802
2368,1815
2369,1828
2370,1941
2371,2095
2372,2195
2373,2200
2374,2165
2375,1979
2376,1690
2377,1445
2378,1286
2379,1310
2380,1200
2381,1200
2382,1325
2383,1549
2384,1721
2385,1800
2386,1915
2387,1970
2388,1952
2389,1885
2390,1871
2391,1838
2392,1750
2393,1787
2394,1966
2395,2123
2396,2199
2397,2189
2398,2143
2399,2012
2400,1697
2401,1446
2402,1330
2403,1211
2404,1200
2405,1227
2406,1303
2407,1558
2408,1706
2409,1836
2410,1895
2411,1918
2412,1955
2413,1951
2414,1875
2415,1828
2416,1809
2417,1793
2418,1968
2419,2075
2420,2131
2421,2200
2422,2142
2423,1985
2424,1700
2425,1454
2426,1302
2427,1200
2428,1200
2429,1264
2430,1352
2431,1521
2432,1746
2433,1829
2434,1912
2435,1974
2436,1900
2437,1900
2438,1860
2439,1806
2440,1742
2441,1795
2442,1937
2443,2093
2444,2171
2445,2176
2446,2178
2447,2011
2448,1690
2449,1404
2450,1316
2451,1200
2452,1200
2453,1200
2454,1338
2455,1499
2456,1720
2457,1848
2458,1949
2459,1937
2460,1962
2461,1900
2462,1872
2463,1830
2464,1837
2465,1846
2466,1927
2467,2076
2468,2138
2469,2182
2470,2143
2471,1992
2472,1730
2473,1461
2474,1332
2475,1219
2476,1200
2477,1224
2478,1271
2479,1544
2480,1746
2481,1816
2482,1901
2483,1938
2484,1931
2485,1932
2486,1870
2487,1815
2488,1791
2489,1783
2490,1937
2491,2137
2492,2176
2493,2166
2494,2158
2495,1999
2496,1738
2497,1443
2498,1304
2499,1260
2500,1200
2501,1232
2502,1291
2503,1565
2504,1727
2505,1796
2506,1907
2507,1964
2508,1960
2509,1875
2510,1869
2511,1809
2512,1845
2513,1830
2514,1952
2515,2038
2516,2176
2517,2200
2518,2164
2519,2012
2520,1662
2521,1481
2522,1314
2523,1235
2524,1207
2525,1208
2526,1351
2527,1476
2528,1748
2529,1825
2530,1903
2531,1962
2532,1938
2533,1876
2534,1850
2535,1837
2536,1827
2537,1764
2538,1988
2539,2098
2540,2168
2541,2200
2542,2164
2543,1990
2544,1661
2545,1413
2546,1308
2547,1243
2548,1229
2549,1229
2550,1325
2551,1589
2552,1730
2553,1868
2554,1908
2555,1924
2556,1915
2557,1852
2558,1870
2559,1853
2560,1799
2561,1760
2562,1987
2563,2099
2564,2174
2565,2189
2566,2200
2567,1993
2568,1696
2569,1468
2570,1273
2571,1244
2572,1200
2573,1210
2574,1313
2575,1525
2576,1692
2577,1839
2578,1896
2579,1940
2580,1968
2581,1951
2582,1860
2583,1822
2584,1796
2585,1811
2586,1975
2587,2098
2588,2130
2589,2186
2590,2200
2591,1981
2592,1710
2593,1460
2594,1293
2595,1242
2596,1213
2597,1216
2598,1307
2599,1555
2600,1679
2601,1842
2602,1921
2603,1911
2604,1930
2605,1893
2606,1847
2607,1829
2608,1837
2609,1803
2610,1971
2611,2091
2612,2175
2613,2184
2614,2162
2615,1962
2616,1717
2617,1461
2618,1333
2619,1221
2620,1223
2621,1221
2622,1333
2623,1522
2624,1729
2625,1817
2626,1954
2627,1923
2628,1916
2629,1876
2630,1864
2631,1814
2632,1743
2633,1869
2634,1967
2635,2086
2636,2176
2637,2200
2638,2164
2639,1990
2640,1685
2641,1446
2642,1316
2643,1210
2644,1200
2645,1237
2646,1292
2647,1521
2648,1704
2649,1862
2650,1915
2651,1977
2652,1914
2653,1907
2654,1872
2655,1823
2656,1827
2657,1789
2658,1916
2659,2081
2660,2145
2661,2192
2662,2163
2663,1967
2664,1745
2665,1482
2666,1292
2667,1210
2668,1200
2669,1246
2670,1353
2671,1553
2672,1703
2673,1858
2674,1904
2675,1931
2676,1937
2677,1897
2678,1877
2679,1812
2680,1845
2681,1830
2682,1892
2683,2044
2684,2144
2685,2200
2686,2162
2687,1953
2688,1711
2689,1488
2690,1306
2691,1200
2692,1215
2693,1244
2694,1358
2695,1546
2696,1672
2697,1831
2698,1918
2699,1944
2700,1945
2701,1934
2702,1873
2703,1806
2704,1805
2705,1781
2706,1959
2707,2087
2708,2160
2709,2200
2710,2143
2711,1997
2712,1716
2713,1464
2714,1327
2715,1223
2716,1200
2717,1200
2718,1295
2719,1498
2720,1695
2721,1905
2722,1908
2723,1953
2724,1961
2725,1917
2726,1905
2727,1786
2728,1804
2729,1790
2730,1956
2731,2101
2732,2199
2733,2192
2734,2180
2735,1995
2736,1687
2737,1508
2738,1303
2739,1225
2740,1215
2741,1204
2742,1313
2743,1540
2744,1716
2745,1810
2746,1913
2747,1926
2748,1952
2749,1881
2750,1881
2751,1781
2752,1828
2753,1807
2754,1976
2755,2093
2756,2166
2757,2190
2758,2176
2759,1972
2760,1716
2761,1464
2762,1319
2763,1241
2764,1200
2765,1239
2766,1360
2767,1538
2768,1710
2769,1807
2770,1921
2771,1950
2772,1974
2773,1903
2774,1864
2775,1808
2776,1785
2777,1806
2778,1948
2779,2088
2780,2149
2781,2199
2782,2121
2783,1988
2784,1681
2785,1519
2786,1306
2787,1226
2788,1200
2789,1228
2790,1321
2791,1514
2792,1726
2793,1871
2794,1916
2795,1944
2796,1903
2797,1875
2798,1869
2799,1837
2800,1821
2801,1815
2802,1948
2803,2135
2804,2165
2805,2200
2806,2158
2807,1959
2808,1688
2809,1421
2810,1325
2811,1218
2812,1200
2813,1200
2814,1300
2815,1511
2816,1723
2817,1803
2818,1891
2819,1938
2820,1972
2821,1890
2822,1935
2823,1814
2824,1802
2825,1807
2826,1898
2827,2087
2828,2146
2829,2200
2830,2156
2831,1966
2832,1722
2833,1506
2834,1311
2835,1229
2836,1222
2837,1200
2838,1351
2839,1552
2840,1683
2841,1850
2842,1907
2843,1974
2844,1916
2845,1876
2846,1841
2847,1785
2848,1807
2849,1785
2850,1890
2851,2086
2852,2149
2853,2200
2854,2118
2855,1990
2856,1651
2857,1455
2858,1327
2859,1245
2860,1230
2861,1215
2862,1331
2863,1538
2864,1723
2865,1838
2866,1874
2867,1947
2868,1977
2869,1943
2870,1929
2871,1792
2872,1786
2873,1786
2874,1958
2875,2100
2876,2149
2877,2200
2878,2144
2879,1969
2880,1678
2881,1459
2882,1318
2883,1235
2884,1212
2885,1229
2886,1326
2887,1539
2888,1708
2889,1834
2890,1920
2891,1918
2892,1962
2893,1930
2894,1889
2895,1818
2896,1780
2897,1789
2898,1954
2899,2054
2900,2200
2901,2200
2902,2164
2903,1908
2904,1690
2905,1458
2906,1309
2907,1227
2908,1212
2909,1200
2910,1300
2911,1539
2912,1668
2913,1868
2914,1846
2915,1903
2916,1988
2917,1914
2918,1912
2919,1866
2920,1799
2921,1803
2922,1852
2923,2047
2924,2145
2925,2190
2926,2170
2927,1947
2928,1685
2929,1450
2930,1299
2931,1251
2932,1200
2933,1202
2934,1332
2935,1514
2936,1692
2937,1823
2938,1913
2939,1902
2940,1904
2941,1910
2942,1919
2943,1788
2944,1851
2945,1757
2946,1960
2947,2082
2948,2144
2949,2200
2950,2150
2951,2011
2952,1713
2953,1467
2954,1334
2955,1248
2956,1200
2957,1207
2958,1314
2959,1536
2960,1731
2961,1794
2962,1896
2963,1934
2964,1963
2965,1929
2966,1891
2967,1819
2968,1783
2969,1847
2970,1953
2971,2077
2972,2154
2973,2200
2974,2164
2975,1963
2976,1651
2977,1474
2978,1317
2979,1246
2980,1208
2981,1212
2982,1292
2983,1553
2984,1735
2985,1905
2986,1894
2987,1937
2988,1922
2989,1941
2990,1884
2991,1800
2992,1786
2993,1804
2994,1965
2995,2101
2996,2159
2997,2192
2998,2164
2999,1971
3000,1730
3001,1470
3002,1281
3003,1200
3004,1222
3005,1209
3006,1352
3007,1536
3008,1684
3009,1858
3010,1930
3011,1943
3012,1919
3013,1912
3014,1846
3015,1818
3016,1786
3017,1775
3018,1945
3019,2104
3020,2132
3021,2200
3022,2131
3023,2006
3024,1704
3025,1489
3026,1295
3027,1242
3028,1208
3029,1200
3030,1312
3031,1561
3032,1688
3033,1877
3034,1928
3035,1933
3036,1926
3037,1915
3038,1842
3039,1815
3040,1823
3041,1845
3042,1946
3043,2069
3044,2145
3045,2200
3046,2134
3047,2018
3048,1721
3049,1474
3050,1349
3051,1219
3052,1207
3053,1237
3054,1303
3055,1554
3056,1715
3057,1823
3058,1967
3059,1991
3060,1937
3061,1898
3062,1855
3063,1816
3064,1860
3065,1884
3066,1924
3067,2060
3068,2149
3069,2200
3070,2165
3071,1983
3072,1694
3073,1457
3074,1326
3075,1212
3076,1259
3077,1200
3078,1321
3079,1535
3080,1664
3081,1786
3082,1926
3083,1951
3084,1934
3085,1922
3086,1872
3087,1806
3088,1806
3089,1811
3090,1924
3091,2106
3092,2159
3093,2175
3094,2199
3095,1998
3096,1659
3097,1434
3098,1263
3099,1205
3100,1242
3101,1246
3102,1356
3103,1507
3104,1724
3105,1818
3106,1872
3107,1910
3108,1908
3109,1918
3110,1826
3111,1802
3112,1815
3113,1828
3114,1941
3115,2095
3116,2195
3117,2200
3118,2165
3119,1979
3120,1690
3121,1445
3122,1286
3123,1310
3124,1200
3125,1200
3126,1325
3127,1549
3128,1721
3129,1800
3130,1915
3131,1970
3132,1952
3133,1885
3134,1871
3135,1838
3136,1750
3137,1787
3138,1966
3139,2123
3140,2199
3141,2189
3142,2143
3143,2012
3144,1697
3145,1446
3146,1330
3147,1211
3148,1200
3149,1227
3150,1303
3151,1558
3152,1706
3153,1836
3154,1895
3155,1918
3156,1955
3157,1951
3158,1875
3159,1828
3160,1809
3161,1793
3162,1968
3163,2075
3164,2131
3165,2200
3166,2142
3167,1985
3168,1700
3169,1454
3170,1302
3171,1200
3172,1200
3173,1264
3174,1352
3175,1521
3176,1746
3177,1829
3178,1912
3179,1974
3180,1900
3181,1900
3182,1860
3183,1806
3184,1742
3185,1795
3186,1937
3187,2093
3188,2171
3189,2176
3190,2178
3191,2011
3192,1690
3193,1404
3194,1316
3195,1200
3196,1200
3197,1200
3198,1338
3199,1499
3200,1720
3201,1848
3202,1949
3203,1937
3204,1962
3205,1900
3206,1872
3207,1830
3208,1837
3209,1846
3210,1927
3211,2076
3212,2138
3213,2182
3214,2143
3215,1992
3216,1730
3217,1461
3218,1332
3219,1219
3220,1200
3221,1224
3222,1271
3223,1544
3224,1746
3225,1816
3226,1901
3227,1938
3228,1931
3229,1932
3230,1870
3231,1815
3232,1791
3233,1783
3234,1937
3235,2137
3236,2176
3237,2166
3238,2158
3239,1999
3240,1738
3241,1443
3242,1304
3243,1260
3244,1200
3245,1232
3246,1291
3247,1565
3248,1727
3249,1796
3250,1907
3251,1964
3252,1960
3253,1875
3254,1869
3255,1809
3256,1845
3257,1830
3258,1952
3259,2038
3260,2176
3261,2200
3262,2164
3263,2012
3264,1662
3265,1481
3266,1314
3267,1235
3268,1207
3269,1208
3270,1351
3271,1476
3272,1748
3273,1825
3274,1903
3275,1962
3276,1938
3277,1876
3278,1850
3279,1837
3280,1827
3281,1764
3282,1988
3283,2098
3284,2168
3285,2200
3286,2164
3287,1990
3288,1661
3289,1413
3290,1308
3291,1243
3292,1229
3293,1229
3294,1325
3295,1589
3296,1730
3297,1868
3298,1908
3299,1924
3300,1915
3301,1852
3302,1870
3303,1853
3304,1799
3305,1760
3306,1987
3307,2099
3308,2174
3309,2189
3310,2200
3311,1993
3312,1696
3313,1468
3314,1273
3315,1244
3316,1200
3317,1210
3318,1313
3319,1525
3320,1692
3321,1839
3322,1896
3323,1940
3324,1968
3325,1951
3326,1860
3327,1822
3328,1796
3329,1811
3330,1975
3331,2098
3332,2130
3333,2186
3334,2200
3335,1981
3336,1710
3337,1460
3338,1293
3339,1242
3340,1213
3341,1216
3342,1307
3343,1555
3344,1679
3345,1842
3346,1921
3347,1911
3348,1930
3349,1893
3350,1847
3351,1829
3352,1837
3353,1803
3354,1971
3355,2091
3356,2175
3357,2184
3358,2162
3359,1962
3360,1717
3361,1461
3362,1333
3363,1221
3364,1223
3365,1221
3366,1333
3367,1522
3368,1729
3369,1817
3370,1954
3371,1923
3372,1916
3373,1876
3374,1864
3375,1814
3376,1743
3377,1869
3378,1967
3379,2086
3380,2176
3381,2200
3382,2164
3383,1990
3384,1685
3385,1446
3386,1316
3387,1210
3388,1200
3389,1237
3390,1292
3391,1521
3392,1704
3393,1862
3394,1915
3395,1977
3396,1914
3397,1907
3398,1872
3399,1823
3400,1827
3401,1789
3402,1916
3403,2081
3404,2145
3405,2192
3406,2163
3407,1967
3408,1745
3409,1482
3410,1292
3411,1210
3412,1200
3413,1246
3414,1353
3415,1553
3416,1703
3417,1858
3418,1904
3419,1931
3420,1937
3421,1897
3422,1877
3423,1812
3424,1845
3425,1830
3426,1892
3427,2044
3428,2144
3429,2200
3430,2162
3431,1953
3432,1711
3433,1488
3434,1306
3435,1200
3436,1215
3437,1244
3438,1358
3439,1546
3440,1672
3441,1831
3442,1918
3443,1944
3444,1945
3445,1934
3446,1873
3447,1806
3448,1805
3449,1781
3450,1959
3451,2087
3452,2160
3453,2200
3454,2143
3455,1997
3456,1716
3457,1464
3458,1327
3459,1223
3460,1200
3461,1200
3462,1295
3463,1498
3464,1695
3465,1905
3466,1908
3467,1953
3468,1961
3469,1917
3470,1905
3471,1786
3472,1804
3473,1790
3474,1956
3475,2101
3476,2199
3477,2192
3478,2180
3479,1995
3480,1687
3481,1508
3482,1303
3483,1225
3484,1215
3485,1204
3486,1313
3487,1540
3488,1716
3489,1810
3490,1913
3491,1926
3492,1952
3493,1881
3494,1881
3495,1781
3496,1828
3497,1807
3498,1976
3499,2093
3500,2166
3501,2190
3502,2176
3503,1972
3504,1716
3505,1464
3506,1319
3507,1241
3508,1200
3509,1239
3510,1360
3511,1538
3512,1710
3513,1807
3514,1921
3515,1950
3516,1974
3517,1903
3518,1864
3519,1808
3520,1785
3521,1806
3522,1948
3523,2088
3524,2149
3525,2199
3526,2121
3527,1988
3528,1681
3529,1519
3530,1306
3531,1226
3532,1200
3533,1228
3534,1321
3535,1514
3536,1726
3537,1871
3538,1916
3539,1944
3540,1903
3541,1875
3542,1869
3543,1837
3544,1821
3545,1815
3546,1948
3547,2135
3548,2165
3549,2200
3550,2158
3551,1959
3552,1688
3553,1421
3554,1325
3555,1218
3556,1200
3557,1200
3558,1300
3559,1511
3560,1723
3561,1803
3562,1891
3563,1938
3564,1972
3565,1890
3566,1935
3567,1814
3568,1802
3569,1807
3570,1898
3571,2087
3572,2146
3573,2200
3574,2156
3575,1966
3576,1722
3577,1506
3578,1311
3579,1229
3580,1222
3581,1200
3582,1351
3583,1552
3584,1683
3585,1850
3586,1907
3587,1974
3588,1916
3589,1876
3590,1841
3591,1785
3592,1807
3593,1785
3594,1890
3595,2086
3596,2149
3597,2200
3598,2118
3599,1990
3600,1651
3601,1455
3602,1327
3603,1245
3604,1230
3605,1215
3606,1331
3607,1538
3608,1723
3609,1838
3610,1874
3611,1947
3612,1977
3613,1943
3614,1929
3615,1792
3616,1786
3617,1786
3618,1958
3619,2100
3620,2149
3621,2200
3622,2144
3623,1969
3624,1678
3625,1459
3626,1318
3627,1235
3628,1212
3629,1229
3630,1326
3631,1539
3632,1708
3633,1834
3634,1920
3635,1918
3636,1962
3637,1930
3638,1889
3639,1818
3640,1780
3641,1789
3642,1954
3643,2054
3644,2200
3645,2200
3646,2164
3647,1908
3648,1690
3649,1458
3650,1309
3651,1227
3652,1212
3653,1200
3654,1300
3655,1539
3656,1668
3657,1868
3658,1846
3659,1903
3660,1988
3661,1914
3662,1912
3663,1866
3664,1799
3665,1803
3666,1852
3667,2047
3668,2145
3669,2190
3670,2170
3671,1947
3672,1685
3673,1450
3674,1299
3675,1251
3676,1200
3677,1202
3678,1332
3679,1514
3680,1692
3681,1823
3682,1913
3683,1902
3684,1904
3685,1910
3686,1919
3687,1788
3688,1851
3689,1757
3690,1960
3691,2082
3692,2144
3693,2200
3694,2150
3695,2011
3696,1713
3697,1467
3698,1334
3699,1248
3700,1200
3701,1207
3702,1314
3703,1536
3704,1731
3705,1794
3706,1896
3707,1934
3708,1963
3709,1929
3710,1891
3711,1819
3712,1783
3713,1847
3714,1953
3715,2077
3716,2154
3717,2200
3718,2164
3719,1963
3720,1651
3721,1474
3722,1317
3723,1246
3724,1208
3725,1212
3726,1292
3727,1553
3728,1735
3729,1905
3730,1894
3731,1937
3732,1922
3733,1941
3734,1884
3735,1800
3736,1786
3737,1804
3738,1965
3739,2101
3740,2159
3741,2192
3742,2164
3743,1971
3744,1730
3745,1470
3746,1281
3747,1200
3748,1222
3749,1209
3750,1352
3751,1536
3752,1684
3753,1858
3754,1930
3755,1943
3756,1919
3757,1912
3758,1846
3759,1818
3760,1786
3761,1775
3762,1945
3763,2104
3764,2132
3765,2200
3766,2131
3767,2006
3768,1704
3769,1489
3770,1295
3771,1242
3772,1208
3773,1200
3774,1312
3775,1561
3776,1688
3777,1877
3778,1928
3779,1933
3780,1926
3781,1915
3782,1842
3783,1815
3784,1823
3785,1845
3786,1946
3787,2069
3788,2145
3789,2200
3790,2134
3791,2018
3792,1721
3793,1474
3794,1349
3795,1219
3796,1207
3797,1237
3798,1303
3799,1554
3800,1715
3801,1823
3802,1967
3803,1991
3804,1937
3805,1898
3806,1855
3807,1816
3808,1860
3809,1884
3810,1924
3811,2060
3812,2149
3813,2200
3814,2165
3815,1983
3816,1694
3817,1457
3818,1326
3819,1212
3820,1259
3821,1200
3822,1321
3823,1535
3824,1664
3825,1786
3826,1926
3827,1951
3828,1934
3829,1922
3830,1872
3831,1806
3832,1806
3833,1811
3834,1924
3835,2106
3836,2159
3837,2175
3838,2199
3839,1998
3840,1659
3841,1434
3842,1263
3843,1205
3844,1242
3845,1246
3846,1356
3847,1507
3848,1724
3849,1818
3850,1872
3851,1910
3852,1908
3853,1918
3854,1826
3855,1802
3856,1815
3857,1828
3858,1941
3859,2095
3860,2195
3861,2200
3862,2165
3863,1979
3864,1690
3865,1445
3866,1286
3867,1310
3868,1200
3869,1200
3870,1325
3871,1549
3872,1721
3873,1800
3874,1915
3875,1970
3876,1952
3877,1885
3878,1871
3879,1838
3880,1750
3881,1787
3882,1966
3883,2123
3884,2199
3885,2189
3886,2143
3887,2012
3888,1697
3889,1446
3890,1330
3891,1211
3892,1200
3893,1227
3894,1303
3895,1558
3896,1706
3897,1836
3898,1895
3899,1918
3900,1955
3901,1951
3902,1875
3903,1828
3904,1809
3905,1793
3906,1968
3907,2075
3908,2131
3909,2200
3910,2142
3911,1985
3912,1700
3913,1454
3914,1302
3915,1200
3916,1200
3917,1264
3918,1352
3919,1521
3920,1746
3921,1829
3922,1912
3923,1974
3924,1900
3925,1900
3926,1860
3927,1806
3928,1742
3929,1795
3930,1937
3931,2093
3932,2171
3933,2176
3934,2178
3935,2011
3936,1690
3937,1404
3938,1316
3939,1200
3940,1200
3941,1200
3942,1338
3943,1499
3944,1720
3945,1848
3946,1949
3947,1937
3948,1962
3949,1900
3950,1872
3951,1830
3952,1837
3953,1846
3954,1927
3955,2076
3956,2138
3957,2182
3958,2143
3959,1992
3960,1730
3961,1461
3962,1332
3963,1219
3964,1200
3965,1224
3966,1271
3967,1544
3968,1746
3969,1816
3970,1901
3971,1938
3972,1931
3973,1932
3974,1870
3975,1815
3976,1791
3977,1783
3978,1937
3979,2137
3980,2176
3981,2166
3982,2158
3983,1999
3984,1738
3985,1443
3986,1304
3987,1260
3988,1200
3989,1232
3990,1291
3991,1565
3992,1727
3993,1796
3994,1907
3995,1964
3996,1960
3997,1875
3998,1869
3999,1809
4000,1845
4001,1830
4002,1952
4003,2038
4004,2176
4005,2200
4006,2164
4007,2012
4008,1662
4009,1481
4010,1314
4011,1235
4012,1207
4013,1208
4014,1351
4015,1476
4016,1748
4017,1825
4018,1903
4019,1962
4020,1938
4021,1876
4022,1850
4023,1837
4024,1827
4025,1764
4026,1988
4027,2098
4028,2168
4029,2200
4030,2164
4031,1990
4032,1661
4033,1413
4034,1308
4035,1243
4036,1229
4037,1229
4038,1325
4039,1589
4040,1730
4041,1868
4042,1908
4043,1924
4044,1915
4045,1852
4046,1870
4047,1853
4048,1799
4049,1760
4050,1987
4051,2099
4052,2174
4053,2189
4054,2200
4055,1993
4056,1696
4057,1468
4058,1273
4059,1244
4060,1200
4061,1210
4062,1313
4063,1525
4064,1692
4065,1839
4066,1896
4067,1940
4068,1968
4069,1951
4070,1860
4071,1822
4072,1796
4073,1811
4074,1975
4075,2098
4076,2130
4077,2186
4078,2200
4079,1981
4080,1710
4081,1460
4082,1293
4083,1242
4084,1213
4085,1216
4086,1307
4087,1555
4088,1679
4089,1842
4090,1921
4091,1911
4092,1930
4093,1893
4094,1847
4095,1829
4096,1837
4097,1803
4098,1971
4099,2091
4100,2175
4101,2184
4102,2162
4103,1962
4104,1717
4105,1461
4106,1333
4107,1221
4108,1223
4109,1221
4110,1333
4111,1522
4112,1729
4113,1817
4114,1954
4115,1923
4116,1916
4117,1876
4118,1864
4119,1814
4120,1743
4121,1869
4122,1967
4123,2086
4124,2176
4125,2200
4126,2164
4127,1990
4128,1685
4129,1446
4130,1316
4131,1210
4132,1200
4133,1237
4134,1292
4135,1521
4136,1704
4137,1862
4138,1915
4139,1977
4140,1914
4141,1907
4142,1872
4143,1823
4144,1827
4145,1789
4146,1916
4147,2081
4148,2145
4149,2192
4150,2163
4151,1967
4152,1745
4153,1482
4154,1292
4155,1210
4156,1200
4157,1246
4158,1353
4159,1553
4160,1703
4161,1858
4162,1904
4163,1931
4164,1937
4165,1897
4166,1877
4167,1812
4168,1845
4169,1830
4170,1892
4171,2044
4172,2144
4173,2200
4174,2162
4175,1953
4176,1711
4177,1488
4178,1306
4179,1200
4180,1215
4181,1244
4182,1358
4183,1546
4184,1672
4185,1831
4186,1918
4187,1944
4188,1945
4189,1934
4190,1873
4191,1806
4192,1805
4193,1781
4194,1959
4195,2087
4196,2160
4197,2200
4198,2143
4199,1997
4200,1716
4201,1464
4202,1327
4203,1223
4204,1200
4205,1200
4206,1295
4207,1498
4208,1695
4209,1905
4210,1908
4211,1953
4212,1961
4213,1917
4214,1905
4215,1786
4216,1804
4217,1790
4218,1956
4219,2101
4220,2199
4221,2192
4222,2180
4223,1995
4224,1687
4225,1508
4226,1303
4227,1225
4228,1215
4229,1204
4230,1313
4231,1540
4232,1716
4233,1810
4234,1913
4235,1926
4236,1952
4237,1881
4238,1881
4239,1781
4240,1828
4241,1807
4242,1976
4243,2093
4244,2166
4245,2190
4246,2176
4247,1972
4248,1716
4249,1464
4250,1319
4251,1241
4252,1200
4253,1239
4254,1360
4255,1538
4256,1710
4257,1807
4258,1921
4259,1950
4260,1974
4261,1903
4262,1864
4263,1808
4264,1785
4265,1806
4266,1948
4267,2088
4268,2149
4269,2199
4270,2121
4271,1988
4272,1681
4273,1519
4274,1306
4275,1226
4276,1200
4277,1228
4278,1321
4279,1514
4280,1726
4281,1871
4282,1916
4283,1944
4284,1903
4285,1875
4286,1869
4287,1837
4288,1821
4289,1815
4290,1948
4291,2135
4292,2165
4293,2200
4294,2158
4295,1959
4296,1688
4297,1421
4298,1325
4299,1218
4300,1200
4301,1200
4302,1300
4303,1511
4304,1723
4305,1803
4306,1891
4307,1938
4308,1972
4309,1890
4310,1935
4311,1814
4312,1802
4313,1807
4314,1898
4315,2087
4316,2146
4317,2200
4318,2156
4319,1966
4320,1722
4321,1506
4322,1311
4323,1229
4324,1222
4325,1200
4326,1351
4327,1552
4328,1683
4329,1850
4330,1907
4331,1974
4332,1916
4333,1876
4334,1841
4335,1785
4336,1807
4337,1785
4338,1890
4339,2086
4340,2149
4341,2200
4342,2118
4343,1990
4344,1651
4345,1455
4346,1327
4347,1245
4348,1230
4349,1215
4350,1331
4351,1538
4352,1723
4353,1838
4354,1874
4355,1947
4356,1977
4357,1943
4358,1929
4359,1792
4360,1786
4361,1786
4362,1958
4363,2100
4364,2149
4365,2200
4366,2144
4367,1969
4368,1678
4369,1459
4370,1318
4371,1235
4372,1212
4373,1229
4374,1326
4375,1539
4376,1708
4377,1834
4378,1920
4379,1918
4380,1962
4381,1930
4382,1889
4383,1818
4384,1780
4385,1789
4386,1954
4387,2054
4388,2200
4389,2200
4390,2164
4391,1908
4392,1690
4393,1458
4394,1309
4395,1227
4396,1212
4397,1200
4398,1300
4399,1539
4400,1668
4401,1868
4402,1846
4403,1903
4404,1988
4405,1914
4406,1912
4407,1866
4408,1799
4409,1803
4410,1852
4411,2047
4412,2145
4413,2190
4414,2170
4415,1947
4416,1685
4417,1450
4418,1299
4419,1251
4420,1200
4421,1202
4422,1332
4423,1514
4424,1692
4425,1823
4426,1913
4427,1902
4428,1904
4429,1910
4430,1919
4431,1788
4432,1851
4433,1757
4434,1960
4435,2082
4436,2144
4437,2200
4438,2150
4439,2011
4440,1713
4441,1467
4442,1334
4443,1248
4444,1200
4445,1207
4446,1314
4447,1536
4448,1731
4449,1794
4450,1896
4451,1934
4452,1963
4453,1929
4454,1891
4455,1819
4456,1783
4457,1847
4458,1953
4459,2077
4460,2154
4461,2200
4462,2164
4463,1963
4464,1651
4465,1474
4466,1317
4467,1246
4468,1208
4469,1212
4470,1292
4471,1553
4472,1735
4473,1905
4474,1894
4475,1937
4476,1922
4477,1941
4478,1884
4479,1800
4480,1786
4481,1804
4482,1965
4483,2101
4484,2159
4485,2192
4486,2164
4487,1971
4488,1730
4489,1470
4490,1281
4491,1200
4492,1222
4493,1209
4494,1352
4495,1536
4496,1684
4497,1858
4498,1930
4499,1943
4500,1919
4501,1912
4502,1846
4503,1818
4504,1786
4505,1775
4506,1945
4507,2104
4508,2132
4509,2200
4510,2131
4511,2006
4512,1704
4513,1489
4514,1295
4515,1242
4516,1208
4517,1200
4518,1312
4519,1561
4520,1688
4521,1877
4522,1928
4523,1933
4524,1926
4525,1915
4526,1842
4527,1815
4528,1823
4529,1845
4530,1946
4531,2069
4532,2145
4533,2200
4534,2134
4535,2018
4536,1721
4537,1474
4538,1349
4539,1219
4540,1207
4541,1237
4542,1303
4543,1554
4544,1715
4545,1823
4546,1967
4547,1991
4548,1937
4549,1898
4550,1855
4551,1816
4552,1860
4553,1884
4554,1924
4555,2060
4556,2149
4557,2200
4558,2165
4559,1983
4560,1694
4561,1457
4562,1326
4563,1212
4564,1259
4565,1200
4566,1321
4567,1535
4568,1664
4569,1786
4570,1926
4571,1951
4572,1934
4573,1922
4574,1872
4575,1806
4576,1806
4577,1811
4578,1924
4579,2106
4580,2159
4581,2175
4582,2199
4583,1998
4584,1659
4585,1434
4586,1263
4587,1205
4588,1242
4589,1246
4590,1356
4591,1507
4592,1724
4593,1818
4594,1872
4595,1910
4596,1908
4597,1918
4598,1826
4599,1802
4600,1815
4601,1828
4602,1941
4603,2095
4604,2195
4605,2200
4606,2165
4607,1979
4608,1690
4609,1445
4610,1286
4611,1310
4612,1200
4613,1200
4614,1325
4615,1549
4616,1721
4617,1800
4618,1915
4619,1970
4620,1952
4621,1885
4622,1871
4623,1838
4624,1750
4625,1787
4626,1966
4627,2123
4628,2199
4629,2189
4630,2143
4631,2012
4632,1697
4633,1446
4634,1330
4635,1211
4636,1200
4637,1227
4638,1303
4639,1558
4640,1706
4641,1836
4642,1895
4643,1918
4644,1955
4645,1951
4646,1875
4647,1828
4648,1809
4649,1793
4650,1968
4651,2075
4652,2131
4653,2200
4654,2142
4655,1985
4656,1700
4657,1454
4658,1302
4659,1200
4660,1200
4661,1264
4662,1352
4663,1521
4664,1746
4665,1829
4666,1912
4667,1974
4668,1900
4669,1900
4670,1860
4671,1806
4672,1742
4673,1795
4674,1937
4675,2093
4676,2171
4677,2176
4678,2178
4679,2011
4680,1690
4681,1404
4682,1316
4683,1200
4684,1200
4685,1200
4686,1338
4687,1499
4688,1720
4689,1848
4690,1949
4691,1937
4692,1962
4693,1900
4694,1872
4695,1830
4696,1837
4697,1846
4698,1927
4699,2076
4700,2138
4701,2182
4702,2143
4703,1992
4704,1730
4705,1461
4706,1332
4707,1219
4708,1200
4709,1224
4710,1271
4711,1544
4712,1746
4713,1816
4714,1901
4715,1938
4716,1931
4717,1932
4718,1870
4719,1815
4720,1791
4721,1783
4722,1937
4723,2137
4724,2176
4725,2166
4726,2158
4727,1999
4728,1738
4729,1443
4730,1304
4731,1260
4732,1200
4733,1232
4734,1291
4735,1565
4736,1727
4737,1796
4738,1907
4739,1964
4740,1960
4741,1875
4742,1869
4743,1809
4744,1845
4745,1830
4746,1952
4747,2038
4748,2176
4749,2200
4750,2164
4751,2012
4752,1662
4753,1481
4754,1314
4755,1235
4756,1207
4757,1208
4758,1351
4759,1476
4760,1748
4761,1825
4762,1903
4763,1962
4764,1938
4765,1876
4766,1850
4767,1837
4768,1827
4769,1764
4770,1988
4771,2098
4772,2168
4773,2200
4774,2164
4775,1990
4776,1661
4777,1413
4778,1308
4779,1243
4780,1229
4781,1229
4782,1325
4783,1589
4784,1730
4785,1868
4786,1908
4787,1924
4788,1915
4789,1852
4790,1870
4791,1853
4792,1799
4793,1760
4794,1987
4795,2099
4796,2174
4797,2189
4798,2200
4799,1993
4800,1696
4801,1468
4802,1273
4803,1244
4804,1200
4805,1210
4806,1313
4807,1525
4808,1692
4809,1839
4810,1896
4811,1940
4812,1968
4813,1951
4814,1860
4815,1822
4816,1796
4817,1811
4818,1975
4819,2098
4820,2130
4821,2186
4822,2200
4823,1981
4824,1710
4825,1460
4826,1293
4827,1242
4828,1213
4829,1216
4830,1307
4831,1555
4832,1679
4833,1842
4834,1921
4835,1911
4836,1930
4837,1893
4838,1847
4839,1829
4840,1837
4841,1803
4842,1971
4843,2091
4844,2175
4845,2184
4846,2162
4847,1962
4848,1717
4849,1461
4850,1333
4851,1221
4852,1223
4853,1221
4854,1333
4855,1522
4856,1729
4857,1817
4858,1954
4859,1923
4860,1916
4861,1876
4862,1864
4863,1814
4864,1743
4865,1869
4866,1967
4867,2086
4868,2176
4869,2200
4870,2164
4871,1990
4872,1685
4873,1446
4874,1316
4875,1210
4876,1200
4877,1237
4878,1292
4879,1521
4880,1704
4881,1862
4882,1915
4883,1977
4884,1914
4885,1907
4886,1872
4887,1823
4888,1827
4889,1789
4890,1916
4891,2081
4892,2145
4893,2192
4894,2163
4895,1967
4896,1745
4897,1482
4898,1292
4899,1210
4900,1200
4901,1246
4902,1353
4903,1553
4904,1703
4905,1858
4906,1904
4907,1931
4908,1937
4909,1897
4910,1877
4911,1812
4912,1845
4913,1830
4914,1892
4915,2044
4916,2144
4917,2200
4918,2162
4919,1953
4920,1711
4921,1488
4922,1306
4923,1200
4924,1215
4925,1244
4926,1358
4927,1546
4928,1672
4929,1831
4930,1918
4931,1944
4932,1945
4933,1934
4934,1873
4935,1806
4936,1805
4937,1781
4938,1959
4939,2087
4940,2160
4941,2200
4942,2143
4943,1997
4944,1716
4945,1464
4946,1327
4947,1223
4948,1200
4949,1200
4950,1295
4951,1498
4952,1695
4953,1905
4954,1908
4955,1953
4956,1961
4957,1917
4958,1905
4959,1786
4960,1804
4961,1790
4962,1956
4963,2101
4964,2199
4965,2192
4966,2180
4967,1995
4968,1687
4969,1508
4970,1303
4971,1225
4972,1215
4973,1204
4974,1313
4975,1540
4976,1716
4977,1810
4978,1913
4979,1926
4980,1952
4981,1881
4982,1881
4983,1781
4984,1828
4985,1807
4986,1976
4987,2093
4988,2166
4989,2190
4990,2176
4991,1972
4992,1716
4993,1464
4994,1319
4995,1241
4996,1200
4997,1239
4998,1360
4999,1538
5000,1710
5001,1807
5002,1921
5003,1950
5004,1974
5005,1903
5006,1864
5007,1808
5008,1785
5009,1806
5010,1948
5011,2088
5012,2149
5013,2199
5014,2121
5015,1988
5016,1681
5017,1519
5018,1306
5019,1226
5020,1200
5021,1228
5022,1321
5023,1514
5024,1726
5025,1871
5026,1916
5027,1944
5028,1903
5029,1875
5030,1869
5031,1837
5032,1821
5033,1815
5034,1948
5035,2135
5036,2165
5037,2200
5038,2158
5039,1959
5040,1688
5041,1421
5042,1325
5043,1218
5044,1200
5045,1200
5046,1300
5047,1511
5048,1723
5049,1803
5050,1891
5051,1938
5052,1972
5053,1890
5054,1935
5055,1814
5056,1802
5057,1807
5058,1898
5059,2087
5060,2146
5061,2200
5062,2156
5063,1966
5064,1722
5065,1506
5066,1311
5067,1229
5068,1222
5069,1200
5070,1351
5071,1552
5072,1683
5073,1850
5074,1907
5075,1974
5076,1916
5077,1876
5078,1841
5079,1785
5080,1807
5081,1785
5082,1890
5083,2086
5084,2149
5085,2200
5086,2118
5087,1990
5088,1651
5089,1455
5090,1327
5091,1245
5092,1230
5093,1215
5094,1331
5095,1538
5096,1723
5097,1838
5098,1874
5099,1947
5100,1977
5101,1943
5102,1929
5103,1792
5104,1786
5105,1786
5106,1958
5107,2100
5108,2149
5109,2200
5110,2144
5111,1969
5112,1678
5113,1459
5114,1318
5115,1235
5116,1212
5117,1229
5118,1326
5119,1539
5120,1708
5121,1834
5122,1920
5123,1918
5124,1962
5125,1930
5126,1889
5127,1818
5128,1780
5129,1789
5130,1954
5131,2054
5132,2200
5133,2200
5134,2164
5135,1908
5136,1690
5137,1458
5138,1309
5139,1227
5140,1212
5141,1200
5142,1300
5143,1539
5144,1668
5145,1868
5146,1846
5147,1903
5148,1988
5149,1914
5150,1912
5151,1866
5152,1799
5153,1803
5154,1852
5155,2047
5156,2145
5157,2190
5158,2170
5159,1947
5160,1685
5161,1450
5162,1299
5163,1251
5164,1200
5165,1202
5166,1332
5167,1514
5168,1692
5169,1823
5170,1913
5171,1902
5172,1904
5173,1910
5174,1919
5175,1788
5176,1851
5177,1757
5178,1960
5179,2082
5180,2144
5181,2200
5182,2150
5183,2011
5184,1713
5185,1467
5186,1334
5187,1248
5188,1200
5189,1207
5190,1314
5191,1536
5192,1731
5193,1794
5194,1896
5195,1934
5196,1963
5197,1929
5198,1891
5199,1819
5200,1783
5201,1847
5202,1953
5203,2077
5204,2154
5205,2200
5206,2164
5207,1963
5208,1651
5209,1474
5210,1317
5211,1246
5212,1208
5213,1212
5214,1292
5215,1553
5216,1735
5217,1905
5218,1894
5219,1937
5220,1922
5221,1941
5222,1884
5223,1800
5224,1786
5225,1804
5226,1965
5227,2101
5228,2159
5229,2192
5230,2164
5231,1971
5232,1730
5233,1470
5234,1281
5235,1200
5236,1222
5237,1209
5238,1352
5239,1536
5240,1684
5241,1858
5242,1930
5243,1943
5244,1919
5245,1912
5246,1846
5247,1818
5248,1786
5249,1775
5250,1945
5251,2104
5252,2132
5253,2200
5254,2131
5255,2006
5256,1704
5257,1489
5258,1295
5259,1242
5260,1208
5261,1200
5262,1312
5263,1561
5264,1688
5265,1877
5266,1928
5267,1933
5268,1926
5269,1915
5270,1842
5271,1815
5272,1823
5273,1845
5274,1946
5275,2069
5276,2145
5277,2200
5278,2134
5279,2018
5280,1721
5281,1474
5282,1349
5283,1219
5284,1207
5285,1237
5286,1303
5287,1554
5288,1715
5289,1823
5290,1967
5291,1991
5292,1937
5293,1898
5294,1855
5295,1816
5296,1860
5297,1884
5298,1924
5299,2060
5300,2149
5301,2200
5302,2165
5303,1983
5304,1694
5305,1457
5306,1326
5307,1212
5308,1259
5309,1200
5310,1321
5311,1535
5312,1664
5313,1786
5314,1926
5315,1951
5316,1934
5317,1922
5318,1872
5319,1806
5320,1806
5321,1811
5322,1924
5323,2106
5324,2159
5325,2175
5326,2199
5327,1998
5328,1659
5329,1434
5330,1263
5331,1205
5332,1242
5333,1246
5334,1356
5335,1507
5336,1724
5337,1818
5338,1872
5339,1910
5340,1908
5341,1918
5342,1826
5343,1802
5344,1815
5345,1828
5346,1941
5347,2095
5348,2195
5349,2200
5350,2165
5351,1979
5352,1690
5353,1445
5354,1286
5355,1310
5356,1200
5357,1200
5358,1325
5359,1549
5360,1721
5361,1800
5362,1915
5363,1970
5364,1952
5365,1885
5366,1871
5367,1838
5368,1750
5369,1787
5370,1966
5371,2123
5372,2199
5373,2189
5374,2143
5375,2012
5376,1697
5377,1446
5378,1330
5379,1211
5380,1200
5381,1227
5382,1303
5383,1558
5384,1706
5385,1836
5386,1895
5387,1918
5388,1955
5389,1951
5390,1875
5391,1828
5392,1809
5393,1793
5394,1968
5395,2075
5396,2131
5397,2200
5398,2142
5399,1985
5400,1700
5401,1454
5402,1302
5403,1200
5404,1200
5405,1264
5406,1352
5407,1521
5408,1746
5409,1829
5410,1912
5411,1974
5412,1900
5413,1900
5414,1860
5415,1806
5416,1742
5417,1795
5418,1937
5419,2093
5420,2171
5421,2176
5422,2178
5423,2011
5424,1690
5425,1404
5426,1316
5427,1200
5428,1200
5429,1200
5430,1338
5431,1499
5432,1720
5433,1848
5434,1949
5435,1937
5436,1962
5437,1900
5438,1872
5439,1830
5440,1837
5441,1846
5442,1927
5443,2076
5444,2138
5445,2182
5446,2143
5447,1992
5448,1730
5449,1461
5450,1332
5451,1219
5452,1200
5453,1224
5454,1271
5455,1544
5456,1746
5457,1816
5458,1901
5459,1938
5460,1931
5461,1932
5462,1870
5463,1815
5464,1791
5465,1783
5466,1937
5467,2137
5468,2176
5469,2166
5470,2158
5471,1999
5472,1738
5473,1443
5474,1304
5475,1260
5476,1200
5477,1232
5478,1291
5479,1565
5480,1727
5481,1796
5482,1907
5483,1964
5484,1960
5485,1875
5486,1869
5487,1809
5488,1845
5489,1830
5490,1952
5491,2038
5492,2176
5493,2200
5494,2164
5495,2012
5496,1662
5497,1481
5498,1314
5499,1235
5500,1207
5501,1208
5502,1351
5503,1476
5504,1748
5505,1825
5506,1903
5507,1962
5508,1938
5509,1876
5510,1850
5511,1837
5512,1827
5513,1764
5514,1988
5515,2098
5516,2168
5517,2200
5518,2164
5519,1990
5520,1661
5521,1413
5522,1308
5523,1243
5524,1229
5525,1229
5526,1325
5527,1589
5528,1730
5529,1868
5530,1908
5531,1924
5532,1915
5533,1852
5534,1870
5535,1853
5536,1799
5537,1760
5538,1987
5539,2099
5540,2174
5541,2189
5542,2200
5543,1993
5544,1696
5545,1468
5546,1273
5547,1244
5548,1200
5549,1210
5550,1313
5551,1525
5552,1692
5553,1839
5554,1896
5555,1940
5556,1968
5557,1951
5558,1860
5559,1822
5560,1796
5561,1811
5562,1975
5563,2098
5564,2130
5565,2186
5566,2200
5567,1981
5568,1710
5569,1460
5570,1293
5571,1242
5572,1213
5573,1216
5574,1307
5575,1555
5576,1679
5577,1842
5578,1921
5579,1911
5580,1930
5581,1893
5582,1847
5583,1829
5584,1837
5585,1803
5586,1971
5587,2091
5588,2175
5589,2184
5590,2162
5591,1962
5592,1717
5593,1461
5594,1333
5595,1221
5596,1223
5597,1221
5598,1333
5599,1522
5600,1729
5601,1817
5602,1954
5603,1923
5604,1916
5605,1876
5606,1864
5607,1814
5608,1743
5609,1869
5610,1967
5611,2086
5612,2176
5613,2200
5614,2164
5615,1990
5616,1685
5617,1446
5618,1316
5619,1210
5620,1200
5621,1237
5622,1292
5623,1521
5624,1704
5625,1862
5626,1915
5627,1977
5628,1914
5629,1907
5630,1872
5631,1823
5632,1827
5633,1789
5634,1916
5635,2081
5636,2145
5637,2192
5638,2163
5639,1967
5640,1745
5641,1482
5642,1292
5643,1210
5644,1200
5645,1246
5646,1353
5647,1553
5648,1703
5649,1858
5650,1904
5651,1931
5652,1937
5653,1897
5654,1877
5655,1812
5656,1845
5657,1830
5658,1892
5659,2044
5660,2144
5661,2200
5662,2162
5663,1953
5664,1711
5665,1488
5666,1306
5667,1200
5668,1215
5669,1244
5670,1358
5671,1546
5672,1672
5673,1831
5674,1918
5675,1944
5676,1945
5677,1934
5678,1873
5679,1806
5680,1805
5681,1781
5682,1959
5683,2087
5684,2160
5685,2200
5686,2143
5687,1997
5688,1716
5689,1464
5690,1327
5691,1223
5692,1200
5693,1200
5694,1295
5695,1498
5696,1695
5697,1905
5698,1908
5699,1953
5700,1961
5701,1917
5702,1905
5703,1786
5704,1804
5705,1790
5706,1956
5707,2101
5708,2199
5709,2192
5710,2180
5711,1995
5712,1687
5713,1508
5714,1303
5715,1225
5716,1215
5717,1204
5718,1313
5719,1540
5720,1716
5721,1810
5722,1913
5723,1926
5724,1952
5725,1881
5726,1881
5727,1781
5728,1828
5729,1807
5730,1976
5731,2093
5732,2166
5733,2190
5734,2176
5735,1972
5736,1716
5737,1464
5738,1319
5739,1241
5740,1200
5741,1239
5742,1360
5743,1538
5744,1710
5745,1807
5746,1921
5747,1950
5748,1974
5749,1903
5750,1864
5751,1808
5752,1785
5753,1806
5754,1948
5755,2088
5756,2149
5757,2199
5758,2121
5759,1988
5760,1681
5761,1519
5762,1306
5763,1226
5764,1200
5765,1228
5766,1321
5767,1514
5768,1726
5769,1871
5770,1916
5771,1944
5772,1903
5773,1875
5774,1869
5775,1837
5776,1821
5777,1815
5778,1948
5779,2135
5780,2165
5781,2200
5782,2158
5783,1959
5784,1688
5785,1421
5786,1325
5787,1218
5788,1200
5789,1200
5790,1300
5791,1511
5792,1723
5793,1803
5794,1891
5795,1938
5796,1972
5797,1890
5798,1935
5799,1814
5800,1802
5801,1807
5802,1898
5803,2087
5804,2146
5805,2200
5806,2156
5807,1966
5808,1722
5809,1506
5810,1311
5811,1229
5812,1222
5813,1200
5814,1351
5815,1552
5816,1683
5817,1850
5818,1907
5819,1974
5820,1916
5821,1876
5822,1841
5823,1785
5824,1807
5825,1785
5826,1890
5827,2086
5828,2149
5829,2200
5830,2118
5831,1990
5832,1651
5833,1455
5834,1327
5835,1245
5836,1230
5837,1215
5838,1331
5839,1538
5840,1723
5841,1838
5842,1874
5843,1947
5844,1977
5845,1943
5846,1929
5847,1792
5848,1786
5849,1786
5850,1958
5851,2100
5852,2149
5853,2200
5854,2144
5855,1969
5856,1678
5857,1459
5858,1318
5859,1235
5860,1212
5861,1229
5862,1326
5863,1539
5864,1708
5865,1834
5866,1920
5867,1918
5868,1962
5869,1930
5870,1889
5871,1818
5872,1780
5873,1789
5874,1954
5875,2054
5876,2200
5877,2200
5878,2164
5879,1908
5880,1690
5881,1458
5882,1309
5883,1227
5884,1212
5885,1200
5886,1300
5887,1539
5888,1668
5889,1868
5890,1846
5891,1903
5892,1988
5893,1914
5894,1912
5895,1866
5896,1799
5897,1803
5898,1852
5899,2047
5900,2145
5901,2190
5902,2170
5903,1947
5904,1685
5905,1450
5906,1299
5907,1251
5908,1200
5909,1202
5910,1332
5911,1514
5912,1692
5913,1823
5914,1913
5915,1902
5916,1904
5917,1910
5918,1919
5919,1788
5920,1851
5921,1757
5922,1960
5923,2082
5924,2144
5925,2200
5926,2150
5927,2011
5928,1713
5929,1467
5930,1334
5931,1248
5932,1200
5933,1207
5934,1314
5935,1536
5936,1731
5937,1794
5938,1896
5939,1934
5940,1963
5941,1929
5942,1891
5943,1819
5944,1783
5945,1847
5946,1953
5947,2077
5948,2154
5949,2200
5950,2164
5951,1963
5952,1651
5953,1474
5954,1317
5955,1246
5956,1208
5957,1212
5958,1292
5959,1553
5960,1735
5961,1905
5962,1894
5963,1937
5964,1922
5965,1941
5966,1884
5967,1800
5968,1786
5969,1804
5970,1965
5971,2101
5972,2159
5973,2192
5974,2164
5975,1971
5976,1730
5977,1470
5978,1281
5979,1200
5980,1222
5981,1209
5982,1352
5983,1536
5984,1684
5985,1858
5986,1930
5987,1943
5988,1919
5989,1912
5990,1846
5991,1818
5992,1786
5993,1775
5994,1945
5995,2104
5996,2132
5997,2200
5998,2131
5999,2006
6000,1704
6001,1489
6002,1295
6003,1242
6004,1208
6005,1200
6006,1312
6007,1561
6008,1688
6009,1877
6010,1928
6011,1933
6012,1926
6013,1915
6014,1842
6015,1815
6016,1823
6017,1845
6018,1946
6019,2069
6020,2145
6021,2200
6022,2134
6023,2018
6024,1721
6025,1474
6026,1349
6027,1219
6028,1207
6029,1237
6030,1303
6031,1554
6032,1715
6033,1823
6034,1967
6035,1991
6036,1937
6037,1898
6038,1855
6039,1816
6040,1860
6041,1884
6042,1924
6043,2060
6044,2149
6045,2200
6046,2165
6047,1983
6048,1694
6049,1457
6050,1326
6051,1212
6052,1259
6053,1200
6054,1321
6055,1535
6056,1664
6057,1786
6058,1926
6059,1951
6060,1934
6061,1922
6062,1872
6063,1806
6064,1806
6065,1811
6066,1924
6067,2106
6068,2159
6069,2175
6070,2199
6071,1998
6072,1659
6073,1434
6074,1263
6075,1205
6076,1242
6077,1246
6078,1356
6079,1507
6080,1724
6081,1818
6082,1872
6083,1910
6084,1908
6085,1918
6086,1826
6087,1802
6088,1815
6089,1828
6090,1941
6091,2095
6092,2195
6093,2200
6094,2165
6095,1979
6096,1690
6097,1445
6098,1286
6099,1310
6100,1200
6101,1200
6102,1325
6103,1549
6104,1721
6105,1800
6106,1915
6107,1970
6108,1952
6109,1885
6110,1871
6111,1838
6112,1750
6113,1787
6114,1966
6115,2123
6116,2199
6117,2189
6118,2143
6119,2012
6120,1697
6121,1446
6122,1330
6123,1211
6124,1200
6125,1227
6126,1303
6127,1558
6128,1706
6129,1836
6130,1895
6131,1918
6132,1955
6133,1951
6134,1875
6135,1828
6136,1809
6137,1793
6138,1968
6139,2075
6140,2131
6141,2200
6142,2142
6143,1985
6144,1700
6145,1454
6146,1302
6147,1200
6148,1200
6149,1264
6150,1352
6151,1521
6152,1746
6153,1829
6154,1912
6155,1974
6156,1900
6157,1900
6158,1860
6159,1806
6160,1742
6161,1795
6162,1937
6163,2093
6164,2171
6165,2176
6166,2178
6167,2011
6168,1690
6169,1404
6170,1316
6171,1200
6172,1200
6173,1200
6174,1338
6175,1499
6176,1720
6177,1848
6178,1949
6179,1937
6180,1962
6181,1900
6182,1872
6183,1830
6184,1837
6185,1846
6186,1927
6187,2076
6188,2138
6189,2182
6190,2143
6191,1992
6192,1730
6193,1461
6194,1332
6195,1219
6196,1200
6197,1224
6198,1271
6199,1544
6200,1746
6201,1816
6202,1901
6203,1938
6204,1931
6205,1932
6206,1870
6207,1815
6208,1791
6209,1783
6210,1937
6211,2137
6212,2176
6213,2166
6214,2158
6215,1999
6216,1738
6217,1443
6218,1304
6219,1260
6220,1200
6221,1232
6222,1291
6223,1565
6224,1727
6225,1796
6226,1907
6227,1964
6228,1960
6229,1875
6230,1869
6231,1809
6232,1845
6233,1830
6234,1952
6235,2038
6236,2176
6237,2200
6238,2164
6239,2012
6240,1662
6241,1481
6242,1314
6243,1235
6244,1207
6245,1208
6246,1351
6247,1476
6248,1748
6249,1825
6250,1903
6251,1962
6252,1938
6253,1876
6254,1850
6255,1837
6256,1827
6257,1764
6258,1988
6259,2098
6260,2168
6261,2200
6262,2164
6263,1990
6264,1661
6265,1413
6266,1308
6267,1243
6268,1229
6269,1229
6270,1325
6271,1589
6272,1730
6273,1868
6274,1908
6275,1924
6276,1915
6277,1852
6278,1870
6279,1853
6280,1799
6281,1760
6282,1987
6283,2099
6284,2174
6285,2189
6286,2200
6287,1993
6288,1696
6289,1468
6290,1273
6291,1244
6292,1200
6293,1210
6294,1313
6295,1525
6296,1692
6297,1839
6298,1896
6299,1940
6300,1968
6301,1951
6302,1860
6303,1822
6304,1796
6305,1811
6306,1975
6307,2098
6308,2130
6309,2186
6310,2200
6311,1981
6312,1710
6313,1460
6314,1293
6315,1242
6316,1213
6317,1216
6318,1307
6319,1555
6320,1679
6321,1842
6322,1921
6323,1911
6324,1930
6325,1893
6326,1847
6327,1829
6328,1837
6329,1803
6330,1971
6331,2091
6332,2175
6333,2184
6334,2162
6335,1962
6336,1717
6337,1461
6338,1333
6339,1221
6340,1223
6341,1221
6342,1333
6343,1522
6344,1729
6345,1817
6346,1954
6347,1923
6348,1916
6349,1876
6350,1864
6351,1814
6352,1743
6353,1869
6354,1967
6355,2086
6356,2176
6357,2200
6358,2164
6359,1990
6360,1685
6361,1446
6362,1316
6363,1210
6364,1200
6365,1237
6366,1292
6367,1521
6368,1704
6369,1862
6370,1915
6371,1977
6372,1914
6373,1907
6374,1872
6375,1823
6376,1827
6377,1789
6378,1916
6379,2081
6380,2145
6381,2192
6382,2163
6383,1967
6384,1745
6385,1482
6386,1292
6387,1210
6388,1200
6389,1246
6390,1353
6391,1553
6392,1703
6393,1858
6394,1904
6395,1931
6396,1937
6397,1897
6398,1877
6399,1812
6400,1845
6401,1830
6402,1892
6403,2044
6404,2144
6405,2200
6406,2162
6407,1953
6408,1711
6409,1488
6410,1306
6411,1200
6412,1215
6413,1244
6414,1358
6415,1546
6416,1672
6417,1831
6418,1918
6419,1944
6420,1945
6421,1934
6422,1873
6423,1806
6424,1805
6425,1781
6426,1959
6427,2087
6428,2160
6429,2200
6430,2143
6431,1997
6432,1716
6433,1464
6434,1327
6435,1223
6436,1200
6437,1200
6438,1295
6439,1498
6440,1695
6441,1905
6442,1908
6443,1953
6444,1961
6445,1917
6446,1905
6447,1786
6448,1804
6449,1790
6450,1956
6451,2101
6452,2199
6453,2192
6454,2180
6455,1995
6456,1687
6457,1508
6458,1303
6459,1225
6460,1215
6461,1204
6462,1313
6463,1540
6464,1716
6465,1810
6466,1913
6467,1926
6468,1952
6469,1881
6470,1881
6471,1781
6472,1828
6473,1807
6474,1976
6475,2093
6476,2166
6477,2190
6478,2176
6479,1972
6480,1716
6481,1464
6482,1319
6483,1241
6484,1200
6485,1239
6486,1360
6487,1538
6488,1710
6489,1807
6490,1921
6491,1950
6492,1974
6493,1903
6494,1864
6495,1808
6496,1785
6497,1806
6498,1948
6499,2088
6500,2149
6501,2199
6502,2121
6503,1988
6504,1681
6505,1519
6506,1306
6507,1226
6508,1200
6509,1228
6510,1321
6511,1514
6512,1726
6513,1871
6514,1916
6515,1944
6516,1903
6517,1875
6518,1869
6519,1837
6520,1821
6521,1815
6522,1948
6523,2135
6524,2165
6525,2200
6526,2158
6527,1959
6528,1688
6529,1421
6530,1325
6531,1218
6532,1200
6533,1200
6534,1300
6535,1511
6536,1723
6537,1803
6538,1891
6539,1938
6540,1972
6541,1890
6542,1935
6543,1814
6544,1802
6545,1807
6546,1898
6547,2087
6548,2146
6549,2200
6550,2156
6551,1966
6552,1722
6553,1506
6554,1311
6555,1229
6556,1222
6557,1200
6558,1351
6559,1552
6560,1683
6561,1850
6562,1907
6563,1974
6564,1916
6565,1876
6566,1841
6567,1785
6568,1807
6569,1785
6570,1890
6571,2086
6572,2149
6573,2200
6574,2118
6575,1990
6576,1651
6577,1455
6578,1327
6579,1245
6580,1230
6581,1215
6582,1331
6583,1538
6584,1723
6585,1838
6586,1874
6587,1947
6588,1977
6589,1943
6590,1929
6591,1792
6592,1786
6593,1786
6594,1958
6595,2100
6596,2149
6597,2200
6598,2144
6599,1969
6600,1678
6601,1459
6602,1318
6603,1235
6604,1212
6605,1229
6606,1326
6607,1539
6608,1708
6609,1834
6610,1920
6611,1918
6612,1962
6613,1930
6614,1889
6615,1818
6616,1780
6617,1789
6618,1954
6619,2054
6620,2200
6621,2200
6622,2164
6623,1908
6624,1690
6625,1458
6626,1309
6627,1227
6628,1212
6629,1200
6630,1300
6631,1539
6632,1668
6633,1868
6634,1846
6635,1903
6636,1988
6637,1914
6638,1912
6639,1866
6640,1799
6641,1803
6642,1852
6643,2047
6644,2145
6645,2190
6646,2170
6647,1947
6648,1685
6649,1450
6650,1299
6651,1251
6652,1200
6653,1202
6654,1332
6655,1514
6656,1692
6657,1823
6658,1913
6659,1902
6660,1904
6661,1910
6662,1919
6663,1788
6664,1851
6665,1757
6666,1960
6667,2082
6668,2144
6669,2200
6670,2150
6671,2011
6672,1713
6673,1467
6674,1334
6675,1248
6676,1200
6677,1207
6678,1314
6679,1536
6680,1731
6681,1794
6682,1896
6683,1934
6684,1963
6685,1929
6686,1891
6687,1819
6688,1783
6689,1847
6690,1953
6691,2077
6692,2154
6693,2200
6694,2164
6695,1963
6696,1651
6697,1474
6698,1317
6699,1246
6700,1208
6701,1212
6702,1292
6703,1553
6704,1735
6705,1905
6706,1894
6707,1937
6708,1922
6709,1941
6710,1884
6711,1800
6712,1786
6713,1804
6714,1965
6715,2101
6716,2159
6717,2192
6718,2164
6719,1971
6720,1730
6721,1470
6722,1281
6723,1200
6724,1222
6725,1209
6726,1352
6727,1536
6728,1684
6729,1858
6730,1930
6731,1943
6732,1919
6733,1912
6734,1846
6735,1818
6736,1786
6737,1775
6738,1945
6739,2104
6740,2132
6741,2200
6742,2131
6743,2006
6744,1704
6745,1489
6746,1295
6747,1242
6748,1208
6749,1200
6750,1312
6751,1561
6752,1688
6753,1877
6754,1928
6755,1933
6756,1926
6757,1915
6758,1842
6759,1815
6760,1823
6761,1845
6762,1946
6763,2069
6764,2145
6765,2200
6766,2134
6767,2018
6768,1721
6769,1474
6770,1349
6771,1219
6772,1207
6773,1237
6774,1303
6775,1554
6776,1715
6777,1823
6778,1967
6779,1991
6780,1937
6781,1898
6782,1855
6783,1816
6784,1860
6785,1884
6786,1924
6787,2060
6788,2149
6789,2200
6790,2165
6791,1983
6792,1694
6793,1457
6794,1326
6795,1212
6796,1259
6797,1200
6798,1321
6799,1535
6800,1664
6801,1786
6802,1926
6803,1951
6804,1934
6805,1922
6806,1872
6807,1806
6808,1806
6809,1811
6810,1924
6811,2106
6812,2159
6813,2175
6814,2199
6815,1998
6816,1659
6817,1434
6818,1263
6819,1205
6820,1242
6821,1246
6822,1356
6823,1507
6824,1724
6825,1818
6826,1872
6827,1910
6828,1908
6829,1918
6830,1826
6831,1802
6832,1815
6833,1828
6834,1941
6835,2095
6836,2195
6837,2200
6838,2165
6839,1979
6840,1690
6841,1445
6842,1286
6843,1310
6844,1200
6845,1200
6846,1325
6847,1549
6848,1721
6849,1800
6850,1915
6851,1970
6852,1952
6853,1885
6854,1871
6855,1838
6856,1750
6857,1787
6858,1966
6859,2123
6860,2199
6861,2189
6862,2143
6863,2012
6864,1697
6865,1446
6866,1330
6867,1211
6868,1200
6869,1227
6870,1303
6871,1558
6872,1706
6873,1836
6874,1895
6875,1918
6876,1955
6877,1951
6878,1875
6879,1828
6880,1809
6881,1793
6882,1968
6883,2075
6884,2131
6885,2200
6886,2142
6887,1985
6888,1700
6889,1454
6890,1302
6891,1200
6892,1200
6893,1264
6894,1352
6895,1521
6896,1746
6897,1829
6898,1912
6899,1974
6900,1900
6901,1900
6902,1860
6903,1806
6904,1742
6905,1795
6906,1937
6907,2093
6908,2171
6909,2176
6910,2178
6911,2011
6912,1690
6913,1404
6914,1316
6915,1200
6916,1200
6917,1200
6918,1338
6919,1499
6920,1720
6921,1848
6922,1949
6923,1937
6924,1962
6925,1900
6926,1872
6927,1830
6928,1837
6929,1846
6930,1927
6931,2076
6932,2138
6933,2182
6934,2143
6935,1992
6936,1730
6937,1461
6938,1332
6939,1219
6940,1200
6941,1224
6942,1271
6943,1544
6944,1746
6945,1816
6946,1901
6947,1938
6948,1931
6949,1932
6950,1870
6951,1815
6952,1791
6953,1783
6954,1937
6955,2137
6956,2176
6957,2166
6958,2158
6959,1999
6960,1738
6961,1443
6962,1304
6963,1260
6964,1200
6965,1232
6966,1291
6967,1565
6968,1727
6969,1796
6970,1907
6971,1964
6972,1960
6973,1875
6974,1869
6975,1809
6976,1845
6977,1830
6978,1952
6979,2038
6980,2176
6981,2200
6982,2164
6983,2012
6984,1662
6985,1481
6986,1314
6987,1235
6988,1207
6989,1208
6990,1351
6991,1476
6992,1748
6993,1825
6994,1903
6995,1962
6996,1938
6997,1876
6998,1850
6999,1837
7000,1827
7001,1764
7002,1988
7003,2098
7004,2168
7005,2200
7006,2164
7007,1990
7008,1661
7009,1413
7010,1308
7011,1243
7012,1229
7013,1229
7014,1325
7015,1589
7016,1730
7017,1868
7018,1908
7019,1924
7020,1915
7021,1852
7022,1870
7023,1853
7024,1799
7025,1760
7026,1987
7027,2099
7028,2174
7029,2189
7030,2200
7031,1993
7032,1696
7033,1468
7034,1273
7035,1244
7036,1200
7037,1210
7038,1313
7039,1525
7040,1692
7041,1839
7042,1896
7043,1940
7044,1968
7045,1951
7046,1860
7047,1822
7048,1796
7049,1811
7050,1975
7051,2098
7052,2130
7053,2186
7054,2200
7055,1981
7056,1710
7057,1460
7058,1293
7059,1242
7060,1213
7061,1216
7062,1307
7063,1555
7064,1679
7065,1842
7066,1921
7067,1911
7068,1930
7069,1893
7070,1847
7071,1829
7072,1837
7073,1803
7074,1971
7075,2091
7076,2175
7077,2184
7078,2162
7079,1962
7080,1717
7081,1461
7082,1333
7083,1221
7084,1223
7085,1221
7086,1333
7087,1522
7088,1729
7089,1817
7090,1954
7091,1923
7092,1916
7093,1876
7094,1864
7095,1814
7096,1743
7097,1869
7098,1967
7099,2086
7100,2176
7101,2200
7102,2164
7103,1990
7104,1685
7105,1446
7106,1316
7107,1210
7108,1200
7109,1237
7110,1292
7111,1521
7112,1704
7113,1862
7114,1915
7115,1977
7116,1914
7117,1907
7118,1872
7119,1823
7120,1827
7121,1789
7122,1916
7123,2081
7124,2145
7125,2192
7126,2163
7127,1967
7128,1745
7129,1482
7130,1292
7131,1210
7132,1200
7133,1246
7134,1353
7135,1553
7136,1703
7137,1858
7138,1904
7139,1931
7140,1937
7141,1897
7142,1877
7143,1812
7144,1845
7145,1830
7146,1892
7147,2044
7148,2144
7149,2200
7150,2162
7151,1953
7152,1711
7153,1488
7154,1306
7155,1200
7156,1215
7157,1244
7158,1358
7159,1546
7160,1672
7161,1831
7162,1918
7163,1944
7164,1945
7165,1934
7166,1873
7167,1806
7168,1805
7169,1781
7170,1959
7171,2087
7172,2160
7173,2200
7174,2143
7175,1997
7176,1716
7177,1464
7178,1327
7179,1223
7180,1200
7181,1200
7182,1295
7183,1498
7184,1695
7185,1905
7186,1908
7187,1953
7188,1961
7189,1917
7190,1905
7191,1786
7192,1804
7193,1790
7194,1956
7195,2101
7196,2199
7197,2192
7198,2180
7199,1995
7200,1687
7201,1508
7202,1303
7203,1225
7204,1215
7205,1204
7206,1313
7207,1540
7208,1716
7209,1810
7210,1913
7211,1926
7212,1952
7213,1881
7214,1881
7215,1781
7216,1828
7217,1807
7218,1976
7219,2093
7220,2166
7221,2190
7222,2176
7223,1972
7224,1716
7225,1464
7226,1319
7227,1241
7228,1200
7229,1239
7230,1360
7231,1538
7232,1710
7233,1807
7234,1921
7235,1950
7236,1974
7237,1903
7238,1864
7239,1808
7240,1785
7241,1806
7242,1948
7243,2088
7244,2149
7245,2199
7246,2121
7247,1988
7248,1681
7249,1519
7250,1306
7251,1226
7252,1200
7253,1228
7254,1321
7255,1514
7256,1726
7257,1871
7258,1916
7259,1944
7260,1903
7261,1875
7262,1869
7263,1837
7264,1821
7265,1815
7266,1948
7267,2135
7268,2165
7269,2200
7270,2158
7271,1959
7272,1688
7273,1421
7274,1325
7275,1218
7276,1200
7277,1200
7278,1300
7279,1511
7280,1723
7281,1803
7282,1891
7283,1938
7284,1972
7285,1890
7286,1935
7287,1814
7288,1802
7289,1807
7290,1898
7291,2087
7292,2146
7293,2200
7294,2156
7295,1966
7296,1722
7297,1506
7298,1311
7299,1229
7300,1222
7301,1200
7302,1351
7303,1552
7304,1683
7305,1850
7306,1907
7307,1974
7308,1916
7309,1876
7310,1841
7311,1785
7312,1807
7313,1785
7314,1890
7315,2086
7316,2149
7317,2200
7318,2118
7319,1990
7320,1651
7321,1455
7322,1327
7323,1245
7324,1230
7325,1215
7326,1331
7327,1538
7328,1723
7329,1838
7330,1874
7331,1947
7332,1977
7333,1943
7334,1929
7335,1792
7336,1786
7337,1786
7338,1958
7339,2100
7340,2149
7341,2200
7342,2144
7343,1969
7344,1678
7345,1459
7346,1318
7347,1235
7348,1212
7349,1229
7350,1326
7351,1539
7352,1708
7353,1834
7354,1920
7355,1918
7356,1962
7357,1930
7358,1889
7359,1818
7360,1780
7361,1789
7362,1954
7363,2054
7364,2200
7365,2200
7366,2164
7367,1908
7368,1690
7369,1458
7370,1309
7371,1227
7372,1212
7373,1200
7374,1300
7375,1539
7376,1668
7377,1868
7378,1846
7379,1903
7380,1988
7381,1914
7382,1912
7383,1866
7384,1799
7385,1803
7386,1852
7387,2047
7388,2145
7389,2190
7390,2170
7391,1947
7392,1685
7393,1450
7394,1299
7395,1251
7396,1200
7397,1202
7398,1332
7399,1514
7400,1692
7401,1823
7402,1913
7403,1902
7404,1904
7405,1910
7406,1919
7407,1788
7408,1851
7409,1757
7410,1960
7411,2082
7412,2144
7413,2200
7414,2150
7415,2011
7416,1713
7417,1467
7418,1334
7419,1248
7420,1200
7421,1207
7422,1314
7423,1536
7424,1731
7425,1794
7426,1896
7427,1934
7428,1963
7429,1929
7430,1891
7431,1819
7432,1783
7433,1847
7434,1953
7435,2077
7436,2154
7437,2200
7438,2164
7439,1963
7440,1651
7441,1474
7442,1317
7443,1246
7444,1208
7445,1212
7446,1292
7447,1553
7448,1735
7449,1905
7450,1894
7451,1937
7452,1922
7453,1941
7454,1884
7455,1800
7456,1786
7457,1804
7458,1965
7459,2101
7460,2159
7461,2192
7462,2164
7463,1971
7464,1730
7465,1470
7466,1281
7467,1200
7468,1222
7469,1209
7470,1352
7471,1536
7472,1684
7473,1858
7474,1930
7475,1943
7476,1919
7477,1912
7478,1846
7479,1818
7480,1786
7481,1775
7482,1945
7483,2104
7484,2132
7485,2200
7486,2131
7487,2006
7488,1704
7489,1489
7490,1295
7491,1242
7492,1208
7493,1200
7494,1312
7495,1561
7496,1688
7497,1877
7498,1928
7499,1933
7500,1926
7501,1915
7502,1842
7503,1815
7504,1823
7505,1845
7506,1946
7507,2069
7508,2145
7509,2200
7510,2134
7511,2018
7512,1721
7513,1474
7514,1349
7515,1219
7516,1207
7517,1237
7518,1303
7519,1554
7520,1715
7521,1823
7522,1967
7523,1991
7524,1937
7525,1898
7526,1855
7527,1816
7528,1860
7529,1884
7530,1924
7531,2060
7532,2149
7533,2200
7534,2165
7535,1983
7536,1694
7537,1457
7538,1326
7539,1212
7540,1259
7541,1200
7542,1321
7543,1535
7544,1664
7545,1786
7546,1926
7547,1951
7548,1934
7549,1922
7550,1872
7551,1806
7552,1806
7553,1811
7554,1924
7555,2106
7556,2159
7557,2175
7558,2199
7559,1998
7560,1659
7561,1434
7562,1263
7563,1205
7564,1242
7565,1246
7566,1356
7567,1507
7568,1724
7569,1818
7570,1872
7571,1910
7572,1908
7573,1918
7574,1826
7575,1802
7576,1815
7577,1828
7578,1941
7579,2095
7580,2195
7581,2200
7582,2165
7583,1979
7584,1690
7585,1445
7586,1286
7587,1310
7588,1200
7589,1200
7590,1325
7591,1549
7592,1721
7593,1800
7594,1915
7595,1970
7596,1952
7597,1885
7598,1871
7599,1838
7600,1750
7601,1787
7602,1966
7603,2123
7604,2199
7605,2189
7606,2143
7607,2012
7608,1697
7609,1446
7610,1330
7611,1211
7612,1200
7613,1227
7614,1303
7615,1558
7616,1706
7617,1836
7618,1895
7619,1918
7620,1955
7621,1951
7622,1875
7623,1828
7624,1809
7625,1793
7626,1968
7627,2075
7628,2131
7629,2200
7630,2142
7631,1985
7632,1700
7633,1454
7634,1302
7635,1200
7636,1200
7637,1264
7638,1352
7639,1521
7640,1746
7641,1829
7642,1912
7643,1974
7644,1900
7645,1900
7646,1860
7647,1806
7648,1742
7649,1795
7650,1937
7651,2093
7652,2171
7653,2176
7654,2178
7655,2011
7656,1690
7657,1404
7658,1316
7659,1200
7660,1200
7661,1200
7662,1338
7663,1499
7664,1720
7665,1848
7666,1949
7667,1937
7668,1962
7669,1900
7670,1872
7671,1830
7672,1837
7673,1846
7674,1927
7675,2076
7676,2138
7677,2182
7678,2143
7679,1992
7680,1730
7681,1461
7682,1332
7683,1219
7684,1200
7685,1224
7686,1271
7687,1544
7688,1746
7689,1816
7690,1901
7691,1938
7692,1931
7693,1932
7694,1870
7695,1815
7696,1791
7697,1783
7698,1937
7699,2137
7700,2176
7701,2166
7702,2158
7703,1999
7704,1738
7705,1443
7706,1304
7707,1260
7708,1200
7709,1232
7710,1291
7711,1565
7712,1727
7713,1796
7714,1907
7715,1964
7716,1960
7717,1875
7718,1869
7719,1809
7720,1845
7721,1830
7722,1952
7723,2038
7724,2176
7725,2200
7726,2164
7727,2012
7728,1662
7729,1481
7730,1314
7731,1235
7732,1207
7733,1208
7734,1351
7735,1476
7736,1748
7737,1825
7738,1903
7739,1962
7740,1938
7741,1876
7742,1850
7743,1837
7744,1827
7745,1764
7746,1988
7747,2098
7748,2168
7749,2200
7750,2164
7751,1990
7752,1661
7753,1413
7754,1308
7755,1243
7756,1229
7757,1229
7758,1325
7759,1589
7760,1730
7761,1868
7762,1908
7763,1924
7764,1915
7765,1852
7766,1870
7767,1853
7768,1799
7769,1760
7770,1987
7771,2099
7772,2174
7773,2189
7774,2200
7775,1993
7776,1696
7777,1468
7778,1273
7779,1244
7780,1200
7781,1210
7782,1313
7783,1525
7784,1692
7785,1839
7786,1896
7787,1940
7788,1968
7789,1951
7790,1860
7791,1822
7792,1796
7793,1811
7794,1975
7795,2098
7796,2130
7797,2186
7798,2200
7799,1981
7800,1710
7801,1460
7802,1293
7803,1242
7804,1213
7805,1216
7806,1307
7807,1555
7808,1679
7809,1842
7810,1921
7811,1911
7812,1930
7813,1893
7814,1847
7815,1829
7816,1837
7817,1803
7818,1971
7819,2091
7820,2175
7821,2184
7822,2162
7823,1962
7824,1717
7825,1461
7826,1333
7827,1221
7828,1223
7829,1221
7830,1333
7831,1522
7832,1729
7833,1817
7834,1954
7835,1923
7836,1916
7837,1876
7838,1864
7839,1814
7840,1743
7841,1869
7842,1967
7843,2086
7844,2176
7845,2200
7846,2164
7847,1990
7848,1685
7849,1446
7850,1316
7851,1210
7852,1200
7853,1237
7854,1292
7855,1521
7856,1704
7857,1862
7858,1915
7859,1977
7860,1914
7861,1907
7862,1872
7863,1823
7864,1827
7865,1789
7866,1916
7867,2081
7868,2145
7869,2192
7870,2163
7871,1967
7872,1745
7873,1482
7874,1292
7875,1210
7876,1200
7877,1246
7878,1353
7879,1553
7880,1703
7881,1858
7882,1904
7883,1931
7884,1937
7885,1897
7886,1877
7887,1812
7888,1845
7889,1830
7890,1892
7891,2044
7892,2144
7893,2200
7894,2162
7895,1953
7896,1711
7897,1488
7898,1306
7899,1200
7900,1215
7901,1244
7902,1358
7903,1546
7904,1672
7905,1831
7906,1918
7907,1944
7908,1945
7909,1934
7910,1873
7911,1806
7912,1805
7913,1781
7914,1959
7915,2087
7916,2160
7917,2200
7918,2143
7919,1997
7920,1716
7921,1464
7922,1327
7923,1223
7924,1200
7925,1200
7926,1295
7927,1498
7928,1695
7929,1905
7930,1908
7931,1953
7932,1961
7933,1917
7934,1905
7935,1786
7936,1804
7937,1790
7938,1956
7939,2101
7940,2199
7941,2192
7942,2180
7943,1995
7944,1687
7945,1508
7946,1303
7947,1225
7948,1215
7949,1204
7950,1313
7951,1540
7952,1716
7953,1810
7954,1913
7955,1926
7956,1952
7957,1881
7958,1881
7959,1781
7960,1828
7961,1807
7962,1976
7963,2093
7964,2166
7965,2190
7966,2176
7967,1972
7968,1716
7969,1464
7970,1319
7971,1241
7972,1200
7973,1239
7974,1360
7975,1538
7976,1710
7977,1807
7978,1921
7979,1950
7980,1974
7981,1903
7982,1864
7983,1808
7984,1785
7985,1806
7986,1948
7987,2088
7988,2149
7989,2199
7990,2121
7991,1988
7992,1681
7993,1519
7994,1306
7995,1226
7996,1200
7997,1228
7998,1321
7999,1514
8000,1726
8001,1871
8002,1916
8003,1944
8004,1903
8005,1875
8006,1869
8007,1837
8008,1821
8009,1815
8010,1948
8011,2135
8012,2165
8013,2200
8014,2158
8015,1959
8016,1688
8017,1421
8018,1325
8019,1218
8020,1200
8021,1200
8022,1300
8023,1511
8024,1723
8025,1803
8026,1891
8027,1938
8028,1972
8029,1890
8030,1935
8031,1814
8032,1802
8033,1807
8034,1898
8035,2087
8036,2146
8037,2200
8038,2156
8039,1966
8040,1722
8041,1506
8042,1311
8043,1229
8044,1222
8045,1200
8046,1351
8047,1552
8048,1683
8049,1850
8050,1907
8051,1974
8052,1916
8053,1876
8054,1841
8055,1785
8056,1807
8057,1785
8058,1890
8059,2086
8060,2149
8061,2200
8062,2118
8063,1990
8064,1651
8065,1455
8066,1327
8067,1245
8068,1230
8069,1215
8070,1331
8071,1538
8072,1723
8073,1838
8074,1874
8075,1947
8076,1977
8077,1943
8078,1929
8079,1792
8080,1786
8081,1786
8082,1958
8083,2100
8084,2149
8085,2200
8086,2144
8087,1969
8088,1678
8089,1459
8090,1318
8091,1235
8092,1212
8093,1229
8094,1326
8095,1539
8096,1708
8097,1834
8098,1920
8099,1918
8100,1962
8101,1930
8102,1889
8103,1818
8104,1780
8105,1789
8106,1954
8107,2054
8108,2200
8109,2200
8110,2164
8111,1908
8112,1690
8113,1458
8114,1309
8115,1227
8116,1212
8117,1200
8118,1300
8119,1539
8120,1668
8121,1868
8122,1846
8123,1903
8124,1988
8125,1914
8126,1912
8127,1866
8128,1799
8129,1803
8130,1852
8131,2047
8132,2145
8133,2190
8134,2170
8135,1947
8136,1685
8137,1450
8138,1299
8139,1251
8140,1200
8141,1202
8142,1332
8143,1514
8144,1692
8145,1823
8146,1913
8147,1902
8148,1904
8149,1910
8150,1919
8151,1788
8152,1851
8153,1757
8154,1960
8155,2082
8156,2144
8157,2200
8158,2150
8159,2011
8160,1713
8161,1467
8162,1334
8163,1248
8164,1200
8165,1207
8166,1314
8167,1536
8168,1731
8169,1794
8170,1896
8171,1934
8172,1963
8173,1929
8174,1891
8175,1819
8176,1783
8177,1847
8178,1953
8179,2077
8180,2154
8181,2200
8182,2164
8183,1963
8184,1651
8185,1474
8186,1317
8187,1246
8188,1208
8189,1212
8190,1292
8191,1553
8192,1735
8193,1905
8194,1894
8195,1937
8196,1922
8197,1941
8198,1884
8199,1800
8200,1786
8201,1804
8202,1965
8203,2101
8204,2159
8205,2192
8206,2164
8207,1971
8208,1730
8209,1470
8210,1281
8211,1200
8212,1222
8213,1209
8214,1352
8215,1536
8216,1684
8217,1858
8218,1930
8219,1943
8220,1919
8221,1912
8222,1846
8223,1818
8224,1786
8225,1775
8226,1945
8227,2104
8228,2132
8229,2200
8230,2131
8231,2006
8232,1704
8233,1489
8234,1295
8235,1242
8236,1208
8237,1200
8238,1312
8239,1561
8240,1688
8241,1877
8242,1928
8243,1933
8244,1926
8245,1915
8246,1842
8247,1815
8248,1823
8249,1845
8250,1946
8251,2069
8252,2145
8253,2200
8254,2134
8255,2018
8256,1721
8257,1474
8258,1349
8259,1219
8260,1207
8261,1237
8262,1303
8263,1554
8264,1715
8265,1823
8266,1967
8267,1991
8268,1937
8269,1898
8270,1855
8271,1816
8272,1860
8273,1884
8274,1924
8275,2060
8276,2149
8277,2200
8278,2165
8279,1983
8280,1694
8281,1457
8282,1326
8283,1212
8284,1259
8285,1200
8286,1321
8287,1535
8288,1664
8289,1786
8290,1926
8291,1951
8292,1934
8293,1922
8294,1872
8295,1806
8296,1806
8297,1811
8298,1924
8299,2106
8300,2159
8301,2175
8302,2199
8303,1998
8304,1659
8305,1434
8306,1263
8307,1205
8308,1242
8309,1246
8310,1356
8311,1507
8312,1724
8313,1818
8314,1872
8315,1910
8316,1908
8317,1918
8318,1826
8319,1802
8320,1815
8321,1828
8322,1941
8323,2095
8324,2195
8325,2200
8326,2165
8327,1979
8328,1690
8329,1445
8330,1286
8331,1310
8332,1200
8333,1200
8334,1325
8335,1549
8336,1721
8337,1800
8338,1915
8339,1970
8340,1952
8341,1885
8342,1871
8343,1838
8344,1750
8345,1787
8346,1966
8347,2123
8348,2199
8349,2189
8350,2143
8351,2012
8352,1697
8353,1446
8354,1330
8355,1211
8356,1200
8357,1227
8358,1303
8359,1558
8360,1706
8361,1836
8362,1895
8363,1918
8364,1955
8365,1951
8366,1875
8367,1828
8368,1809
8369,1793
8370,1968
8371,2075
8372,2131
8373,2200
8374,2142
8375,1985
8376,1700
8377,1454
8378,1302
8379,1200
8380,1200
8381,1264
8382,1352
8383,1521
8384,1746
8385,1829
8386,1912
8387,1974
8388,1900
8389,1900
8390,1860
8391,1806
8392,1742
8393,1795
8394,1937
8395,2093
8396,2171
8397,2176
8398,2178
8399,2011
8400,1690
8401,1404
8402,1316
8403,1200
8404,1200
8405,1200
8406,1338
8407,1499
8408,1720
8409,1848
8410,1949
8411,1937
8412,1962
8413,1900
8414,1872
8415,1830
8416,1837
8417,1846
8418,1927
8419,2076
8420,2138
8421,2182
8422,2143
8423,1992
8424,1730
8425,1461
8426,1332
8427,1219
8428,1200
8429,1224
8430,1271
8431,1544
8432,1746
8433,1816
8434,1901
8435,1938
8436,1931
8437,1932
8438,1870
8439,1815
8440,1791
8441,1783
8442,1937
8443,2137
8444,2176
8445,2166
8446,2158
8447,1999
8448,1738
8449,1443
8450,1304
8451,1260
8452,1200
8453,1232
8454,1291
8455,1565
8456,1727
8457,1796
8458,1907
8459,1964
8460,1960
8461,1875
8462,1869
8463,1809
8464,1845
8465,1830
8466,1952
8467,2038
8468,2176
8469,2200
8470,2164
8471,2012
8472,1662
8473,1481
8474,1314
8475,1235
8476,1207
8477,1208
8478,1351
8479,1476
8480,1748
8481,1825
8482,1903
8483,1962
8484,1938
8485,1876
8486,1850
8487,1837
8488,1827
8489,1764
8490,1988
8491,2098
8492,2168
8493,2200
8494,2164
8495,1990
8496,1661
8497,1413
8498,1308
8499,1243
8500,1229
8501,1229
8502,1325
8503,1589
8504,1730
8505,1868
8506,1908
8507,1924
8508,1915
8509,1852
8510,1870
8511,1853
8512,1799
8513,1760
8514,1987
8515,2099
8516,2174
8517,2189
8518,2200
8519,1993
8520,1696
8521,1468
8522,1273
8523,1244
8524,1200
8525,1210
8526,1313
8527,1525
8528,1692
8529,1839
8530,1896
8531,1940
8532,1968
8533,1951
8534,1860
8535,1822
8536,1796
8537,1811
8538,1975
8539,2098
8540,2130
8541,2186
8542,2200
8543,1981
8544,1710
8545,1460
8546,1293
8547,1242
8548,1213
8549,1216
8550,1307
8551,1555
8552,1679
8553,1842
8554,1921
8555,1911
8556,1930
8557,1893
8558,1847
8559,1829
8560,1837
8561,1803
8562,1971
8563,2091
8564,2175
8565,2184
8566,2162
8567,1962
8568,1717
8569,1461
8570,1333
8571,1221
8572,1223
8573,1221
8574,1333
8575,1522
8576,1729
8577,1817
8578,1954
8579,1923
8580,1916
8581,1876
8582,1864
8583,1814
8584,1743
8585,1869
8586,1967
8587,2086
8588,2176
8589,2200
8590,2164
8591,1990
8592,1685
8593,1446
8594,1316
8595,1210
8596,1200
8597,1237
8598,1292
8599,1521
8600,1704
8601,1862
8602,1915
8603,1977
8604,1914
8605,1907
8606,1872
8607,1823
8608,1827
8609,1789
8610,1916
8611,2081
8612,2145
8613,2192
8614,2163
8615,1967
8616,1745
8617,1482
8618,1292
8619,1210
8620,1200
8621,1246
8622,1353
8623,1553
8624,1703
8625,1858
8626,1904
8627,1931
8628,1937
8629,1897
8630,1877
8631,1812
8632,1845
8633,1830
8634,1892
8635,2044
8636,2144
8637,2200
8638,2162
8639,1953
8640,1711
8641,1488
8642,1306
8643,1200
8644,1215
8645,1244
8646,1358
8647,1546
8648,1672
8649,1831
8650,1918
8651,1944
8652,1945
8653,1934
8654,1873
8655,1806
8656,1805
8657,1781
8658,1959
8659,2087
8660,2160
8661,2200
8662,2143
8663,1997
8664,1716
8665,1464
8666,1327
8667,1223
8668,1200
8669,1200
8670,1295
8671,1498
8672,1695
8673,1905
8674,1908
8675,1953
8676,1961
8677,1917
8678,1905
8679,1786
8680,1804
8681,1790
8682,1956
8683,2101
8684,2199
8685,2192
8686,2180
8687,1995
8688,1687
8689,1508
8690,1303
8691,1225
8692,1215
8693,1204
8694,1313
8695,1540
8696,1716
8697,1810
8698,1913
8699,1926
8700,1952
8701,1881
8702,1881
8703,1781
8704,1828
8705,1807
8706,1976
8707,2093
8708,2166
8709,2190
8710,2176
8711,1972
8712,1716
8713,1464
8714,1319
8715,1241
8716,1200
8717,1239
8718,1360
8719,1538
8720,1710
8721,1807
8722,1921
8723,1950
8724,1974
8725,1903
8726,1864
8727,1808
8728,1785
8729,1806
8730,1948
8731,2088
8732,2149
8733,2199
8734,2121
8735,1988
8736,1681
8737,1519
8738,1306
8739,1226
8740,1200
8741,1228
8742,1321
8743,1514
8744,1726
8745,1871
8746,1916
8747,1944
8748,1903
8749,1875
8750,1869
8751,1837
8752,1821
8753,1815
8754,1948
8755,2135
8756,2165
8757,2200
8758,2158
8759,1959
