Hora,Valor
0,1664
1,1616
2,1611
3,1608
4,1527
5,1498
6,1523
7,1470
8,1410
9,1420
10,1369
11,1348
12,1349
13,1264
14,1249
15,1267
16,1243
17,1272
18,1224
19,1200
20,1273
21,1211
22,1211
23,1200
24,1200
25,1204
26,1200
27,1206
28,1200
29,1200
30,1200
31,1248
32,1200
33,1200
34,1221
35,1200
36,1205
37,1200
38,1200
39,1243
40,1273
41,1269
42,1274
43,1283
44,1267
45,1317
46,1353
47,1426
48,1432
49,1396
50,1486
51,1492
52,1505
53,1566
54,1600
55,1619
56,1588
57,1626
58,1668
59,1703
60,1674
61,1698
62,1686
63,1698
64,1773
65,1805
66,1774
67,1816
68,1806
69,1785
70,1825
71,1870
72,1833
73,1888
74,1767
75,1874
76,1856
77,1849
78,1865
79,1806
80,1863
81,1880
82,1914
83,1854
84,1845
85,1854
86,1897
87,1879
88,1850
89,1877
90,1861
91,1883
92,1828
93,1835
94,1829
95,1792
96,1840
97,1833
98,1820
99,1807
100,1766
101,1790
102,1787
103,1768
104,1782
105,1793
106,1832
107,1775
108,1772
109,1757
110,1700
111,1756
112,1757
113,1828
114,1747
115,1760
116,1749
117,1713
118,1781
119,1768
120,1768
121,1716
122,1784
123,1698
124,1768
125,1835
126,1759
127,1791
128,1831
129,1832
130,1820
131,1887
132,1871
133,1935
134,1911
135,2003
136,1951
137,1983
138,2034
139,1981
140,2033
141,2074
142,1995
143,2057
144,2067
145,2091
146,2037
147,2040
148,2100
149,2099
150,2103
151,2112
152,2086
153,2114
154,2110
155,2074
156,2146
157,2099
158,2043
159,2093
160,2035
161,2065
162,2054
163,1973
164,2005
165,1966
166,1956
167,1966
