Hora,Valor
0,1651
1,1474
2,1317
3,1246
4,1208
5,1212
6,1292
7,1553
8,1735
9,1905
10,1894
11,1937
12,1922
13,1941
14,1884
15,1800
16,1786
17,1804
18,1965
19,2101
20,2159
21,2192
22,2164
23,1971
24,1730
25,1470
26,1281
27,1200
28,1222
29,1209
30,1352
31,1536
32,1684
33,1858
34,1930
35,1943
36,1919
37,1912
38,1846
39,1818
40,1786
41,1775
42,1945
43,2104
44,2132
45,2200
46,2131
47,2006
48,1704
49,1489
50,1295
51,1242
52,1208
53,1200
54,1312
55,1561
56,1688
57,1877
58,1928
59,1933
60,1926
61,1915
62,1842
63,1815
64,1823
65,1845
66,1946
67,2069
68,2145
69,2200
70,2134
71,2018
72,1721
73,1474
74,1349
75,1219
76,1207
77,1237
78,1303
79,1554
80,1715
81,1823
82,1967
83,1991
84,1937
85,1898
86,1855
87,1816
88,1860
89,1884
90,1924
91,2060
92,2149
93,2200
94,2165
95,1983
96,1694
97,1457
98,1326
99,1212
100,1259
101,1200
102,1321
103,1535
104,1664
105,1786
106,1926
107,1951
108,1934
109,1922
110,1872
111,1806
112,1806
113,1811
114,1924
115,2106
116,2159
117,2175
118,2199
119,1998
120,1659
121,1434
122,1263
123,1205
124,1242
125,1246
126,1356
127,1507
128,1724
129,1818
130,1872
131,1910
132,1908
133,1918
134,1826
135,1802
136,1815
137,1828
138,1941
139,2095
140,2195
141,2200
142,2165
143,1979
144,1690
145,1445
146,1286
147,1310
148,1200
149,1200
150,1325
151,1549
152,1721
153,1800
154,1915
155,1970
156,1952
157,1885
158,1871
159,1838
160,1750
161,1787
162,1966
163,2123
164,2199
165,2189
166,2143
167,2012
168,1697
169,1446
170,1330
171,1211
172,1200
173,1227
174,1303
175,1558
176,1706
177,1836
178,1895
179,1918
180,1955
181,1951
182,1875
183,1828
184,1809
185,1793
186,1968
187,2075
188,2131
189,2200
190,2142
191,1985
192,1700
193,1454
194,1302
195,1200
196,1200
197,1264
198,1352
199,1521
200,1746
201,1829
202,1912
203,1974
204,1900
205,1900
206,1860
207,1806
208,1742
209,1795
210,1937
211,2093
212,2171
213,2176
214,2178
215,2011
216,1690
217,1404
218,1316
219,1200
220,1200
221,1200
222,1338
223,1499
224,1720
225,1848
226,1949
227,1937
228,1962
229,1900
230,1872
231,1830
232,1837
233,1846
234,1927
235,2076
236,2138
237,2182
238,2143
239,1992
240,1730
241,1461
242,1332
243,1219
244,1200
245,1224
246,1271
247,1544
248,1746
249,1816
250,1901
251,1938
252,1931
253,1932
254,1870
255,1815
256,1791
257,1783
258,1937
259,2137
260,2176
261,2166
262,2158
263,1999
264,1738
265,1443
266,1304
267,1260
268,1200
269,1232
270,1291
271,1565
272,1727
273,1796
274,1907
275,1964
276,1960
277,1875
278,1869
279,1809
280,1845
281,1830
282,1952
283,2038
284,2176
285,2200
286,2164
287,2012
288,1662
289,1481
290,1314
291,1235
292,1207
293,1208
294,1351
295,1476
296,1748
297,1825
298,1903
299,1962
300,1938
301,1876
302,1850
303,1837
304,1827
305,1764
306,1988
307,2098
308,2168
309,2200
310,2164
311,1990
312,1661
313,1413
314,1308
315,1243
316,1229
317,1229
318,1325
319,1589
320,1730
321,1868
322,1908
323,1924
324,1915
325,1852
326,1870
327,1853
328,1799
329,1760
330,1987
331,2099
332,2174
333,2189
334,2200
335,1993
336,1696
337,1468
338,1273
339,1244
340,1200
341,1210
342,1313
343,1525
344,1692
345,1839
346,1896
347,1940
348,1968
349,1951
350,1860
351,1822
352,1796
353,1811
354,1975
355,2098
356,2130
357,2186
358,2200
359,1981
360,1710
361,1460
362,1293
363,1242
364,1213
365,1216
366,1307
367,1555
368,1679
369,1842
370,1921
371,1911
372,1930
373,1893
374,1847
375,1829
376,1837
377,1803
378,1971
379,2091
380,2175
381,2184
382,2162
383,1962
384,1717
385,1461
386,1333
387,1221
388,1223
389,1221
390,1333
391,1522
392,1729
393,1817
394,1954
395,1923
396,1916
397,1876
398,1864
399,1814
400,1743
401,1869
402,1967
403,2086
404,2176
405,2200
406,2164
407,1990
408,1685
409,1446
410,1316
411,1210
412,1200
413,1237
414,1292
415,1521
416,1704
417,1862
418,1915
419,1977
420,1914
421,1907
422,1872
423,1823
424,1827
425,1789
426,1916
427,2081
428,2145
429,2192
430,2163
431,1967
432,1745
433,1482
434,1292
435,1210
436,1200
437,1246
438,1353
439,1553
440,1703
441,1858
442,1904
443,1931
444,1937
445,1897
446,1877
447,1812
448,1845
449,1830
450,1892
451,2044
452,2144
453,2200
454,2162
455,1953
456,1711
457,1488
458,1306
459,1200
460,1215
461,1244
462,1358
463,1546
464,1672
465,1831
466,1918
467,1944
468,1945
469,1934
470,1873
471,1806
472,1805
473,1781
474,1959
475,2087
476,2160
477,2200
478,2143
479,1997
480,1716
481,1464
482,1327
483,1223
484,1200
485,1200
486,1295
487,1498
488,1695
489,1905
490,1908
491,1953
492,1961
493,1917
494,1905
495,1786
496,1804
497,1790
498,1956
499,2101
500,2199
501,2192
502,2180
503,1995
504,1687
505,1508
506,1303
507,1225
508,1215
509,1204
510,1313
511,1540
512,1716
513,1810
514,1913
515,1926
516,1952
517,1881
518,1881
519,1781
520,1828
521,1807
522,1976
523,2093
524,2166
525,2190
526,2176
527,1972
528,1716
529,1464
530,1319
531,1241
532,1200
533,1239
534,1360
535,1538
536,1710
537,1807
538,1921
539,1950
540,1974
541,1903
542,1864
543,1808
544,1785
545,1806
546,1948
547,2088
548,2149
549,2199
550,2121
551,1988
552,1681
553,1519
554,1306
555,1226
556,1200
557,1228
558,1321
559,1514
560,1726
561,1871
562,1916
563,1944
564,1903
565,1875
566,1869
567,1837
568,1821
569,1815
570,1948
571,2135
572,2165
573,2200
574,2158
575,1959
576,1688
577,1421
578,1325
579,1218
580,1200
581,1200
582,1300
583,1511
584,1723
585,1803
586,1891
587,1938
588,1972
589,1890
590,1935
591,1814
592,1802
593,1807
594,1898
595,2087
596,2146
597,2200
598,2156
599,1966
600,1722
601,1506
602,1311
603,1229
604,1222
605,1200
606,1351
607,1552
608,1683
609,1850
610,1907
611,1974
612,1916
613,1876
614,1841
615,1785
616,1807
617,1785
618,1890
619,2086
620,2149
621,2200
622,2118
623,1990
624,1651
625,1455
626,1327
627,1245
628,1230
629,1215
630,1331
631,1538
632,1723
633,1838
634,1874
635,1947
636,1977
637,1943
638,1929
639,1792
640,1786
641,1786
642,1958
643,2100
644,2149
645,2200
646,2144
647,1969
648,1678
649,1459
650,1318
651,1235
652,1212
653,1229
654,1326
655,1539
656,1708
657,1834
658,1920
659,1918
660,1962
661,1930
662,1889
663,1818
664,1780
665,1789
666,1954
667,2054
668,2200
669,2200
670,2164
671,1908
672,1690
673,1458
674,1309
675,1227
676,1212
677,1200
678,1300
679,1539
680,1668
681,1868
682,1846
683,1903
684,1988
685,1914
686,1912
687,1866
688,1799
689,1803
690,1852
691,2047
692,2145
693,2190
694,2170
695,1947
696,1685
697,1450
698,1299
699,1251
700,1200
701,1202
702,1332
703,1514
704,1692
705,1823
706,1913
707,1902
708,1904
709,1910
710,1919
711,1788
712,1851
713,1757
714,1960
715,2082
716,2144
717,2200
718,2150
719,2011
720,1713
721,1467
722,1334
723,1248
724,1200
725,1207
726,1314
727,1536
728,1731
729,1794
730,1896
731,1934
732,1963
733,1929
734,1891
735,1819
736,1783
737,1847
738,1953
739,2077
740,2154
741,2200
742,2164
743,1963
